2.52 9.64 5.71
1.25 9.46 -8.40
-3.52 8.22 -9.33
-0.08 11.86 9.70
2.27 8.45 -4.98
4.37 9.98 4.03
6.94 11.12 9.50
3.43 9.58 0.58
2.86 9.75 -3.72
-1.82 8.84 -9.43
-7.05 12.29 9.70
1.17 8.84 -3.87
0.90 10.02 2.16
7.43 10.65 5.59
2.46 9.19 -0.52
0.14 10.48 1.28
0.74 9.02 -4.97
-2.40 10.03 0.38
1.69 8.82 -4.76
-0.19 10.59 3.21
2.91 9.38 2.07
5.52 9.67 1.36
0.06 9.11 -2.29
0.20 9.76 -1.35
0.74 8.64 -12.34
1.59 9.29 -6.01
2.83 11.43 8.86
2.54 8.90 -1.85
1.17 10.20 3.99
2.90 10.68 5.62
1.67 9.82 0.17
-4.57 10.78 -0.13
-6.81 8.81 -7.86
-0.26 9.68 -1.50
-0.72 8.23 -6.65
3.71 10.36 4.84
2.85 10.34 4.13
0.96 9.42 1.71
-4.11 9.57 0.10
2.67 9.25 -3.38
-4.93 8.88 -11.61
-0.26 9.37 -7.73
-0.75 12.03 10.05
2.07 8.64 -4.04
-0.33 9.66 0.85
2.88 10.73 7.74
1.35 9.23 0.37
-1.58 10.27 0.09
-7.97 9.06 -7.82
-4.40 9.72 -0.36
-0.20 8.87 -4.87
3.57 10.83 6.53
3.54 10.20 3.56
6.10 9.94 2.88
3.46 9.30 -0.02
2.74 9.39 -2.31
-0.81 9.03 -10.92
-3.41 9.46 -7.71
0.74 11.94 9.98
1.85 8.89 -2.83
7.49 9.42 4.77
2.92 10.41 6.68
2.62 9.60 0.03
1.72 10.31 -0.45
0.23 9.03 -5.70
0.15 9.40 -4.16
0.54 8.80 -4.97
0.98 10.71 5.96
4.01 9.65 1.26
4.46 9.61 2.24
-2.33 9.87 0.28
-2.81 9.83 -2.81
-5.76 9.00 -10.44
-1.38 9.54 -8.08
-2.22 11.92 9.11
3.13 8.65 -2.39
1.60 9.54 2.34
8.04 9.80 4.27
-0.08 9.34 -0.21
-2.59 10.31 -2.01
-4.29 9.00 -7.76
-4.96 9.03 -5.04
-1.00 8.93 -4.24
2.68 10.99 8.53
1.61 9.55 1.29
3.98 9.71 2.17
0.65 9.39 -1.73
-3.70 9.79 -3.32
-2.61 8.43 -12.51
0.11 9.31 -6.55
3.06 11.61 9.72
3.89 9.02 -1.40
1.82 9.60 2.73
7.16 10.32 6.12
-2.09 9.91 -0.73
-2.48 10.39 -1.04
-1.10 8.77 -7.37
-2.50 10.44 1.62
2.65 8.45 -5.13
3.06 11.08 8.68
2.12 9.49 1.23
1.99 9.52 1.99
1.17 9.49 0.61
0.24 9.95 -0.53
-5.52 8.34 -12.22
-1.85 9.54 -7.70
-4.56 12.15 10.10
-0.02 8.66 -5.17
6.48 9.93 4.46
4.64 10.71 6.75
0.59 9.77 0.78
1.20 10.27 -0.33
-1.48 9.08 -5.57
-5.94 10.23 0.25
1.06 8.80 -4.85
1.89 10.90 7.81
-0.82 9.02 -0.30
3.41 9.59 2.10
1.02 9.27 -0.03
-2.37 9.59 -2.72
3.42 8.72 -11.18
-2.80 9.23 -9.23
1.20 11.66 9.90
2.44 8.99 -2.39
4.24 9.50 3.41
2.74 10.72 6.45
2.74 9.88 1.25
-1.17 10.57 0.75
-3.65 8.85 -7.30
-1.60 9.14 -6.02
0.66 8.82 -4.96
4.60 10.72 6.18
2.94 10.11 3.27
2.85 9.41 3.01
1.03 9.50 0.90
-3.16 10.16 -1.43
-0.59 8.75 -9.84
-2.39 9.34 -8.39
1.63 11.70 9.66
1.29 8.59 -3.24
5.18 9.26 2.20
3.24 10.57 6.83
3.10 9.81 1.18
-0.79 10.52 0.91
-5.07 9.34 -5.93
-7.51 9.06 -6.58
-1.19 9.25 -4.55
1.97 11.19 9.04
1.09 9.55 1.25
4.01 9.89 3.08
-1.66 9.24 -1.92
-0.76 9.52 -3.33
-2.66 9.38 -10.33
-4.91 9.19 -8.89
-0.05 11.65 9.13
0.02 9.19 -2.49
4.92 9.71 4.47
7.02 10.64 7.48
-1.75 9.72 -0.61
-4.65 10.52 -0.51
-3.21 9.30 -5.47
-3.03 8.63 -9.65
-1.82 9.10 -5.77
0.91 10.75 6.49
4.73 9.40 0.62
2.84 9.47 2.23
0.84 9.75 1.94
-1.85 10.06 -1.69
-2.46 8.64 -11.26
-5.50 9.00 -9.28
0.85 11.20 6.70
3.23 8.53 -4.37
4.34 10.19 4.81
5.03 10.63 5.72
2.60 9.49 0.64
-1.55 10.67 1.27
-4.08 8.88 -7.14
-6.28 8.66 -11.06
0.52 8.87 -8.07
-1.17 11.51 8.57
4.64 8.86 -0.35
8.71 9.26 3.16
1.25 9.34 1.30
-0.03 9.26 -2.37
-1.00 8.99 -10.67
-3.68 9.56 -7.94
1.04 10.87 5.88
1.17 8.99 -3.83
5.96 10.16 5.78
2.65 10.85 8.19
4.61 10.07 2.96
-2.93 10.53 0.59
-0.74 8.70 -8.35
-2.29 9.43 -6.53
-2.03 9.20 -7.35
5.13 12.15 12.49
-0.76 9.59 0.42
3.07 8.90 1.06
3.70 9.83 3.17
-1.13 9.76 -3.32
-1.90 9.39 -8.78
-3.32 9.43 -8.54
-1.49 11.71 9.23
5.52 8.33 -4.37
3.34 10.50 4.26
2.48 10.69 5.53
5.18 9.31 0.17
-1.47 10.37 -0.11
-1.76 9.53 -4.45
-3.01 8.92 -7.51
-3.28 9.21 -6.36
-0.91 11.98 11.28
1.74 8.70 -2.12
4.35 9.24 2.18
6.78 9.52 2.63
-4.88 9.71 -1.35
-2.30 9.79 -8.15
-0.85 9.22 -7.23
-1.98 11.18 8.15
0.67 9.03 -3.74
3.45 10.96 8.07
-0.05 10.19 4.23
3.36 9.56 1.21
-2.43 9.87 -1.95
-2.68 9.41 -4.47
-3.03 8.43 -10.67
2.49 8.34 -7.59
6.31 11.24 8.82
2.32 8.74 -2.35
6.27 8.84 0.10
3.53 10.12 4.24
-0.98 9.68 -1.89
-3.64 9.86 -5.00
-5.97 9.37 -8.33
-2.63 11.49 7.57
1.40 8.57 -5.26
5.78 10.27 5.49
4.94 9.88 3.14
0.96 9.71 1.30
0.39 10.26 1.55
-2.44 9.62 -1.75
-3.54 8.24 -10.62
-0.52 9.17 -5.91
0.93 11.57 10.11
1.05 8.78 -3.52
4.16 9.53 3.22
5.56 10.15 6.25
0.24 9.29 -1.42
0.13 10.03 -3.88
-2.38 9.05 -8.96
3.07 11.21 7.47
1.21 9.07 -3.50
-0.51 10.28 3.76
0.59 9.85 1.34
2.16 10.13 1.91
-0.23 9.85 -1.19
-0.96 9.47 -3.22
-0.28 8.40 -12.33
-2.02 9.19 -6.52
6.29 11.34 9.52
6.57 9.07 -0.06
0.92 9.40 3.13
4.36 10.45 6.79
-2.07 10.00 0.28
-0.94 10.30 -1.40
-5.34 8.93 -9.53
-0.72 10.64 2.77
1.59 8.42 -4.18
7.41 10.07 4.84
6.53 9.56 2.89
4.28 9.33 1.72
-2.77 9.77 -0.01
-0.93 9.92 -2.03
-8.31 8.78 -11.90
-2.21 9.44 -7.91
-0.10 11.87 10.57
4.66 8.82 -0.90
4.19 9.46 2.67
7.26 10.41 6.76
0.00 9.71 1.08
-0.55 10.47 0.10
-6.96 9.13 -6.35
-1.39 10.16 1.49
-3.72 9.15 -4.80
1.42 10.29 4.25
1.60 10.17 2.97
6.83 9.43 2.11
4.37 10.23 4.07
-4.07 9.54 -2.02
-2.81 10.10 -1.59
0.16 9.87 -1.84
1.62 9.63 0.27
2.35 9.85 -0.42
3.47 9.42 -0.16
2.43 9.77 1.60
-0.44 9.85 0.56
-2.45 10.03 -0.17
3.22 9.67 -0.98
2.55 9.77 0.14
3.40 9.52 -1.98
-1.17 9.79 -1.25
-2.59 9.58 -1.47
-0.69 9.80 -0.13
2.33 9.61 -0.52
1.63 9.74 0.92
3.02 9.99 1.25
0.02 9.80 0.22
-1.83 10.02 -1.29
1.15 9.72 -0.25
0.63 9.44 -1.63
-2.35 9.50 -2.66
0.36 9.19 -2.19
0.94 9.41 -1.94
-1.37 9.71 -0.28
1.44 9.74 1.40
1.88 9.77 0.02
0.91 9.62 -1.97
-1.72 9.82 -1.52
-0.02 9.54 -1.57
-0.23 9.91 -0.33
0.70 9.64 -0.59
-0.26 9.38 -2.26
1.91 9.40 -1.82
5.45 9.65 0.06
-1.22 9.76 -2.11
-3.74 9.96 -0.65
1.02 9.97 0.32
2.47 9.99 0.23
-2.51 10.17 0.78
0.98 9.68 -0.55
-0.82 10.08 0.15
-3.45 9.73 -1.32
0.11 9.45 -1.19
0.05 9.53 -1.51
-0.46 9.70 -1.56
-0.10 9.80 -0.45
2.65 9.71 -0.31
2.52 9.53 -1.73
-0.58 9.85 -0.99
3.51 9.45 -1.44
-2.12 9.69 -2.10
1.31 9.88 -0.37
-0.13 9.76 -0.44
0.64 9.72 0.44
3.18 9.77 0.44
1.33 9.64 0.43
0.23 9.59 -0.76
3.33 9.70 -0.12
-3.78 9.74 -1.49
0.55 9.50 -1.00
-2.26 9.57 -2.47
-1.46 9.61 -1.34
2.99 9.59 0.22
-2.46 9.88 -0.01
-0.65 9.80 -0.37
3.77 10.03 1.86
1.22 9.56 0.45
-0.75 9.60 -0.63
2.70 9.73 -0.77
4.81 9.69 -0.41
-0.95 9.61 -2.81
3.20 9.54 -0.60
5.65 9.42 -0.98
0.31 9.81 -1.29
4.47 9.62 -0.13
2.36 9.67 -1.51
0.59 9.97 0.30
-0.62 9.75 -0.37
-0.28 10.01 0.12
-1.28 9.66 -1.99
0.92 9.90 -0.71
-1.21 9.58 -2.21
1.55 9.60 -2.22
-3.41 9.68 -2.50
1.93 9.16 -2.78
1.60 9.52 -2.11
5.45 9.33 -1.24
-1.64 9.37 -3.35
2.98 9.52 -1.73
2.65 9.46 -1.22
-1.90 9.78 -0.92
-0.87 9.82 -0.54
-2.36 10.39 0.61
2.80 9.81 -0.05
-1.81 9.72 -0.91
2.39 9.26 -2.44
2.34 9.67 -0.62
0.89 9.60 -0.32
-1.57 9.35 -3.46
0.03 9.50 -1.71
-2.29 9.53 -2.23
5.60 9.49 -1.10
-0.16 10.13 1.82
-3.65 9.64 -1.30
0.64 9.92 0.22
-1.92 10.12 1.03
2.43 9.72 0.87
-0.18 9.87 -0.44
-3.33 9.96 -0.74
-3.77 9.71 -2.14
2.39 9.92 0.30
0.86 9.79 1.34
6.20 9.68 0.57
-2.00 9.93 -0.46
2.41 9.42 -0.04
3.79 9.70 0.95
4.86 9.35 -0.18
-1.83 9.62 -0.81
1.69 9.95 1.38
3.42 9.32 -0.59
0.24 10.04 1.10
-0.13 10.03 0.58
2.29 9.84 1.51
3.22 9.73 0.10
2.85 9.53 -1.10
0.76 10.06 0.70
-1.56 9.59 -1.41
-0.51 9.60 -1.45
2.25 9.39 -1.36
3.37 9.54 -0.29
1.75 9.98 0.80
-0.82 9.88 0.38
-0.24 9.87 -0.98
0.45 10.28 2.90
-0.94 9.79 0.72
0.19 9.66 -2.20
-0.96 9.70 -1.48
1.82 9.73 -1.12
-2.04 9.98 -0.99
0.11 9.69 -1.07
-0.50 9.85 -1.42
1.39 9.64 -1.03
1.42 9.45 -1.07
2.22 9.66 0.49
2.72 9.90 1.20
0.68 9.87 0.30
4.88 9.81 -0.25
1.07 10.11 -0.20
1.74 9.66 -0.97
-1.22 9.73 -1.29
0.47 9.85 -0.35
-0.91 9.48 -0.83
-0.89 9.64 -1.12
6.11 9.55 0.03
-0.83 9.67 -0.56
-0.29 9.91 0.37
-1.10 9.45 -1.35
-1.71 9.86 -0.51
3.29 9.79 -0.19
0.84 9.63 0.18
-3.12 10.14 -0.17
-1.00 9.85 -1.09
0.64 9.71 -0.74
3.52 9.54 -0.56
-1.93 9.84 -0.40
1.31 9.69 -0.11
0.00 9.67 -1.29
2.17 9.82 -0.28
1.70 9.52 -1.94
-0.27 9.73 -0.78
0.87 9.49 -0.74
1.31 9.57 -0.61
0.91 10.03 0.90
-0.36 9.90 1.16
-1.14 9.72 -0.93
2.85 9.73 0.57
0.43 9.54 0.27
0.41 9.66 -1.03
0.79 9.84 -0.23
-1.02 9.67 -1.19
-2.40 9.74 -2.12
-0.10 9.63 -0.95
1.66 9.13 -0.47
2.86 9.98 0.23
3.27 9.77 0.42
2.23 9.48 0.39
2.04 10.28 -0.31
0.17 9.19 -1.17
0.32 10.00 -1.17
-0.14 9.67 -1.04
-0.12 9.49 -1.20
-0.11 9.96 -1.26
-0.22 9.37 -1.10
-0.03 9.97 -0.94
0.34 9.81 -0.67
0.38 9.59 -0.66
0.71 10.06 -0.25
0.46 9.58 0.08
0.74 9.93 -0.39
0.56 9.71 -0.30
0.52 9.70 -0.53
0.50 9.98 -0.67
0.39 9.45 -0.63
0.21 9.93 -1.04
0.24 9.71 -0.69
