0.96 8.74 -0.91
-1.86 9.73 2.13
6.27 9.80 3.33
0.40 8.41 -5.55
-1.83 10.31 1.08
-3.41 8.67 -6.86
0.19 10.37 2.17
6.96 10.33 5.84
-0.85 10.05 2.32
0.63 10.27 0.99
3.28 8.75 -6.10
-0.88 10.15 -2.66
-2.77 9.31 -4.42
0.80 9.92 1.51
6.06 9.63 2.78
3.22 8.80 -0.46
-2.11 9.47 -1.89
0.22 9.40 -3.66
-5.10 9.64 -5.91
4.33 9.10 -4.32
0.05 10.78 5.30
3.45 9.28 0.50
2.22 9.46 -0.22
0.27 9.99 2.06
-0.82 9.85 0.04
-0.34 10.00 -1.79
-7.97 9.19 -5.13
-5.51 9.50 -6.19
-1.91 10.10 -3.17
0.47 10.20 2.71
3.30 9.46 1.19
3.43 9.78 1.59
3.44 9.21 -1.37
-0.11 9.86 -0.23
3.49 9.07 -5.51
-3.07 9.25 -5.88
-0.15 11.09 5.16
-2.50 9.67 -1.35
3.00 9.79 0.99
1.75 10.58 3.10
2.63 9.68 -0.57
-2.93 9.76 -2.99
-1.46 9.58 -4.13
-0.95 9.37 -7.20
2.81 9.25 -5.14
2.04 10.21 2.63
4.18 9.53 0.99
2.22 9.93 2.68
4.30 10.41 4.59
-1.22 10.17 0.24
-3.46 11.01 2.15
-4.86 9.02 -6.00
5.33 9.43 -1.82
-2.25 9.50 -2.74
3.71 10.29 4.60
2.04 9.60 1.30
-1.28 9.99 2.64
0.72 9.67 1.45
3.68 9.65 -1.62
0.27 10.05 -1.21
-2.44 9.47 -3.95
-5.32 10.61 2.26
0.01 9.54 -0.10
3.01 9.79 1.99
1.65 9.31 -1.66
3.44 9.73 1.64
-6.47 9.24 -2.81
1.41 9.83 -1.86
-3.80 10.00 -5.18
1.41 9.16 -6.19
-1.97 11.04 6.34
2.48 9.43 -0.68
3.27 9.94 1.37
2.20 9.68 1.32
8.19 9.53 0.82
-2.70 9.59 -2.29
-0.39 9.43 -2.68
-5.97 9.54 -7.31
1.10 9.71 -3.99
-1.26 10.91 4.83
2.59 9.12 -0.34
2.11 9.41 1.03
6.36 10.54 6.45
3.34 9.49 0.91
-0.68 10.32 0.72
-4.02 9.09 -3.90
-6.74 9.41 -4.11
-1.10 9.75 -1.01
2.36 10.01 2.45
0.08 9.50 -0.33
5.04 9.51 1.45
-3.87 9.17 -2.59
-3.34 9.28 -2.58
-2.22 10.65 0.10
-1.66 9.25 -4.78
-2.84 10.17 1.56
1.75 9.38 -1.38
0.74 10.18 2.32
2.63 10.05 2.77
3.29 10.01 2.95
-0.75 9.31 -1.21
-0.94 9.25 -3.68
-1.08 9.96 -3.59
4.66 9.42 -3.35
2.07 10.35 3.18
-0.97 9.63 -1.51
4.60 9.84 2.89
3.11 10.31 3.48
0.48 9.89 1.60
0.26 8.93 -3.53
-2.03 9.65 -3.57
-2.76 9.23 -7.98
-2.88 9.49 -5.91
-1.35 10.59 2.76
5.48 9.41 -0.08
0.12 9.95 2.66
4.86 9.75 3.85
1.69 9.66 0.02
7.08 9.76 0.08
-1.95 9.65 -3.32
0.71 9.11 -6.83
-1.15 9.66 -3.16
-1.96 10.38 2.83
5.70 9.32 0.14
5.64 9.41 2.89
3.68 9.25 0.81
-3.36 9.45 -3.53
1.41 10.07 -0.90
-1.90 9.05 -4.71
0.31 9.60 -1.25
-1.98 9.29 -3.02
-2.67 10.33 2.19
6.44 9.38 0.33
2.20 9.85 2.43
-0.65 9.08 -2.84
0.21 9.63 -3.03
-4.89 9.59 -5.95
-4.21 9.09 -6.52
-3.91 10.55 2.55
5.93 9.15 -1.16
-0.22 9.82 0.81
9.00 9.54 1.50
4.52 9.79 2.25
0.82 9.86 -0.32
-0.12 9.43 -3.00
-2.99 8.95 -7.05
-3.37 9.85 -3.93
-2.23 10.74 4.38
5.08 9.38 -0.09
2.59 10.02 2.20
-0.64 10.20 2.96
2.77 9.58 -1.14
2.42 10.41 0.81
-0.57 9.25 -4.62
-8.18 9.67 -4.72
-3.62 9.65 -5.52
-1.18 10.84 4.45
1.61 9.37 -0.60
4.00 9.48 0.42
-2.10 10.35 2.95
1.79 9.21 -2.40
-1.43 10.67 0.92
1.80 8.70 -5.13
4.01 9.95 1.67
-2.32 9.79 -1.65
0.82 10.43 5.00
-0.70 9.79 1.04
-1.22 9.98 1.07
-0.94 8.94 -3.56
-2.05 9.54 -3.75
3.43 9.83 -2.60
-1.27 9.35 -6.05
1.08 10.81 4.93
-0.47 9.85 1.31
-3.52 10.40 2.78
-0.33 9.34 -1.82
0.14 9.83 0.85
-0.88 9.27 -2.89
-2.62 9.71 -3.20
-5.41 9.34 -8.68
0.03 9.67 -4.94
2.62 10.79 5.25
0.68 9.70 -0.25
3.02 9.99 1.67
2.96 10.41 4.19
6.38 9.85 2.97
-0.03 9.52 -1.45
-2.01 9.51 -3.96
-2.10 9.11 -7.97
-1.49 9.84 -3.40
0.40 10.52 4.59
2.81 9.33 1.08
-0.95 9.74 0.92
2.69 10.29 3.35
0.56 9.80 0.11
-2.80 10.66 -0.39
-6.08 9.44 -4.83
0.55 9.43 -3.29
-2.26 9.33 -3.51
4.02 9.81 3.00
2.40 9.38 -0.05
5.64 9.65 2.08
1.75 9.55 2.57
-1.28 9.90 -0.24
2.47 10.36 1.03
-6.36 9.72 -4.32
-1.21 10.17 1.45
2.85 9.28 -2.07
-0.69 10.51 3.57
4.55 9.33 0.58
5.19 9.74 0.10
-0.32 9.09 -1.71
2.37 9.44 -1.28
-3.66 10.27 -3.31
-1.22 9.29 -5.97
-4.40 10.75 3.84
4.67 9.33 -1.71
0.75 9.91 1.42
7.59 10.18 4.23
9.13 9.63 1.75
-0.24 9.23 -2.87
-1.18 9.62 -3.54
-2.53 9.32 -7.70
-0.57 9.81 -4.35
-1.89 10.78 4.79
3.08 9.21 0.25
-3.00 9.63 0.72
1.20 10.23 3.07
2.54 9.39 -1.82
-4.09 10.05 -0.51
-0.04 9.11 -5.68
-5.73 9.40 -6.12
-0.70 9.32 -5.13
1.82 10.24 4.40
1.04 9.32 -0.39
4.21 9.65 3.40
3.08 9.41 1.64
2.36 9.58 -1.86
-0.20 10.19 -0.05
-1.79 9.32 -4.87
2.58 9.58 -1.98
-1.17 9.64 -1.44
0.26 10.36 3.32
2.44 9.21 -0.85
3.72 9.84 1.42
-2.05 9.14 -2.90
-3.04 9.57 -2.44
-5.43 10.66 0.52
3.52 8.48 -6.54
0.12 10.30 3.03
0.23 9.38 -1.86
3.56 9.50 -0.21
5.31 10.41 4.32
-2.07 9.68 -0.58
4.10 9.24 -1.99
-2.87 9.52 -3.87
-6.23 10.08 -4.39
2.62 9.12 -5.41
-0.41 10.70 3.86
-0.78 10.16 0.53
3.96 9.94 3.14
5.14 10.23 2.31
0.94 10.16 0.73
-1.38 10.27 -0.97
-2.33 10.03 -0.41
-5.60 9.13 -7.73
-1.56 9.83 -2.98
0.71 10.53 4.23
9.75 9.37 0.16
0.10 9.66 1.50
4.20 9.82 2.66
1.96 9.47 -1.29
-3.03 10.32 1.08
-3.81 9.66 -3.42
-2.29 9.40 -5.85
1.38 9.37 -4.64
0.57 10.39 2.96
4.57 9.35 -0.40
-1.64 9.51 1.10
1.14 9.34 0.98
-1.84 9.66 -0.06
-0.91 10.49 1.90
-2.20 9.24 -5.18
-0.77 9.38 -4.17
-1.51 8.96 -3.89
3.39 9.87 2.52
2.68 9.28 -0.34
1.66 9.75 1.76
-2.56 9.81 -0.02
-0.01 9.35 -3.04
-1.83 9.63 -2.12
-3.81 9.64 -3.13
1.98 9.48 -1.48
0.10 10.00 0.63
1.49 9.75 1.67
3.58 9.27 -0.81
-2.89 10.28 1.24
0.14 9.72 -1.29
-2.66 10.03 -1.02
1.69 9.59 -0.10
-1.53 9.87 -1.52
-2.74 9.69 -1.52
2.86 9.51 -1.81
1.87 9.62 -0.72
3.55 9.76 0.56
1.13 9.73 1.47
-0.24 9.97 0.56
-1.41 9.98 -0.04
-0.48 9.93 -0.38
0.11 9.73 -1.20
4.67 9.17 -3.16
-2.02 9.46 -3.64
2.16 9.26 -1.79
2.82 9.29 -2.04
-1.96 9.51 -1.63
-2.04 9.35 -3.31
-2.42 9.58 -2.52
1.81 9.60 -1.06
2.03 9.57 -0.99
2.62 9.51 -0.41
2.04 9.82 -0.70
-2.22 9.74 -1.96
0.07 9.74 -1.45
2.98 9.78 -0.58
4.16 9.80 0.51
-1.55 9.60 -1.28
-3.03 10.01 -0.21
1.18 9.62 -0.84
-0.46 9.78 -0.51
1.42 9.45 -0.90
-1.40 9.74 -1.84
-0.95 9.53 -2.00
0.17 9.43 -0.47
3.34 9.55 0.05
1.79 10.04 1.22
-3.76 9.79 -1.29
1.94 9.85 -1.40
2.85 9.78 -0.38
-2.08 10.00 -0.62
-2.76 10.12 0.31
-3.54 9.91 0.08
6.35 9.61 0.90
-0.97 9.88 0.54
4.07 9.85 2.81
4.45 9.67 0.82
-2.42 9.68 -2.34
-1.80 9.77 -1.95
3.27 9.45 -1.67
5.39 9.52 -1.19
-0.42 9.66 -1.18
0.04 9.65 -1.52
1.30 9.40 -1.55
-0.35 9.66 -1.65
-1.44 9.62 -2.04
1.49 9.64 -1.74
-0.34 9.76 -1.61
4.24 9.40 -0.92
-1.65 9.36 -2.29
1.47 9.74 -0.84
-2.11 9.80 -1.29
1.09 9.79 -1.20
0.91 9.54 -1.85
-1.69 9.74 -1.26
2.43 10.20 1.45
1.90 9.72 0.12
0.96 10.20 2.86
-2.98 9.83 0.18
-2.42 10.05 -0.81
0.89 9.58 -1.52
-2.44 9.64 -0.38
1.64 9.50 -0.82
-4.16 9.75 -1.52
5.02 9.14 -0.83
-1.92 9.48 -2.01
4.45 9.50 -0.92
-2.13 10.01 -0.78
0.09 10.07 0.72
2.74 9.61 -0.22
1.42 9.91 -0.51
-4.75 9.79 -2.52
-0.25 9.70 -1.89
-1.17 9.55 -2.18
-0.22 10.07 0.52
-0.60 9.45 -2.06
2.21 9.85 -0.99
3.70 9.72 -1.58
1.96 9.49 -2.42
-1.91 9.82 0.19
4.57 9.71 1.30
2.33 9.76 0.37
1.99 9.85 -0.51
1.51 9.65 -0.73
1.22 9.71 -1.18
-0.22 9.68 -1.43
0.81 9.69 -1.52
0.13 10.07 -0.48
-1.65 9.43 -2.54
0.22 10.08 0.02
-0.70 9.55 -1.97
2.17 9.41 -2.20
0.02 9.69 -1.44
2.04 9.27 -2.25
2.93 9.87 -0.34
-1.17 9.59 -1.17
1.43 9.54 -1.24
1.02 9.63 -1.11
1.18 10.09 1.12
-1.69 10.06 0.52
-1.34 10.01 0.90
-3.93 9.81 -0.90
-1.75 10.13 1.58
3.08 9.75 0.49
1.41 9.71 -1.40
-2.60 10.08 0.12
0.18 9.88 -0.54
-0.67 10.26 0.69
1.60 9.72 -1.65
0.41 9.67 -1.84
3.76 9.42 -1.24
4.29 9.52 -0.89
1.84 10.07 -0.16
-0.80 9.82 -0.94
-0.30 10.13 0.43
0.83 9.70 -1.82
-2.00 9.76 -1.29
2.10 9.97 0.14
-0.98 9.67 -1.08
1.46 10.11 1.34
0.85 9.62 -0.57
0.59 9.81 0.69
3.99 9.45 -0.77
-3.33 9.90 -0.64
-4.08 9.93 -1.66
0.91 9.28 -2.34
0.51 9.72 -1.45
2.56 9.47 -1.34
2.43 10.12 0.52
-0.54 9.82 -0.02
0.02 9.74 -1.43
-0.76 10.27 -0.13
-2.07 9.77 -1.48
1.69 9.93 1.26
-1.65 9.93 -0.23
-1.62 9.47 -1.69
-0.80 9.52 -3.17
-1.90 9.55 -2.71
2.25 9.74 0.16
1.47 9.99 0.28
0.40 9.80 0.09
-0.02 10.00 1.14
-0.41 10.04 0.94
1.75 10.08 1.94
-4.34 9.85 -0.66
-1.26 9.71 -1.65
0.98 9.75 0.27
1.97 9.40 -2.16
3.95 9.77 -1.58
0.87 9.63 -0.83
-2.29 9.65 -2.58
1.33 9.42 -0.80
2.11 9.55 -1.10
2.54 9.48 -1.26
-0.15 9.57 -0.28
-0.87 9.91 -0.12
-0.04 9.95 0.15
-3.33 9.66 -2.05
-0.16 9.81 -1.68
2.33 9.68 -0.89
-1.67 9.85 -0.77
0.65 9.66 -0.95
0.80 9.78 0.21
1.53 9.92 1.59
0.54 9.90 1.43
0.34 9.83 0.42
-0.05 10.01 -1.96
-1.98 9.24 -1.32
-2.12 10.12 -2.06
-1.09 9.56 -1.83
-0.19 9.38 -1.12
-0.16 9.97 -1.01
0.19 9.48 -0.35
0.66 9.94 -0.12
0.74 9.83 -0.10
0.98 9.68 0.29
0.92 10.06 0.06
0.69 9.55 -0.23
0.50 9.93 -0.78
0.20 9.69 -0.72
0.14 9.63 -1.00
0.09 9.74 -1.32
0.07 9.56 -1.00
0.14 9.77 -1.07
0.14 9.70 -0.66
0.34 9.70 -0.67
