0.60 10.36 4.23
0.91 9.43 2.21
4.85 10.47 4.19
0.69 8.81 -3.19
-2.40 9.28 -3.51
-2.15 9.29 -5.80
-2.59 11.75 8.43
-4.77 9.32 -1.77
1.29 9.41 -0.14
2.74 9.28 -1.82
-0.54 9.40 -3.58
1.13 8.34 -12.32
4.10 9.31 -5.50
3.14 11.57 10.29
2.53 9.16 0.08
2.95 9.19 2.11
3.20 10.53 6.20
1.26 9.59 -2.52
2.82 10.25 -1.05
-3.03 9.19 -6.36
-0.95 10.80 4.19
4.05 8.19 -4.76
2.25 10.17 1.58
5.29 10.82 6.60
4.67 9.68 3.02
-3.95 10.08 -0.60
-2.92 9.91 -2.49
-3.21 8.79 -10.48
-1.33 9.26 -7.36
-0.99 12.01 11.96
1.21 9.04 -0.81
1.66 9.61 2.32
3.92 10.00 4.59
0.92 9.24 -1.92
-0.29 10.30 -3.42
-2.90 8.77 -8.86
-0.15 10.88 6.06
0.23 8.31 -7.54
4.78 10.13 3.81
7.63 10.67 5.36
2.43 9.79 1.91
-2.35 9.72 -1.06
1.69 9.22 -3.83
-9.01 8.92 -11.73
-4.23 8.66 -11.10
0.77 11.24 7.84
1.56 9.41 0.50
3.07 9.32 2.82
0.01 9.64 1.39
-3.22 9.87 -1.81
1.57 9.73 -3.90
-3.58 9.09 -8.04
2.30 10.81 6.49
4.77 8.37 -4.09
4.55 10.36 6.40
0.22 10.77 5.64
8.50 9.03 0.38
-2.32 10.71 0.50
-3.22 9.60 -4.07
-5.83 8.73 -9.51
-0.32 8.96 -7.43
1.05 11.58 11.30
-4.34 9.31 -1.99
0.03 9.99 1.17
2.16 9.21 -0.96
-2.03 9.14 -4.59
-3.27 8.77 -13.06
-2.51 8.92 -8.57
0.95 11.13 9.15
8.80 8.52 -2.92
1.30 10.12 5.04
8.61 10.74 8.10
1.08 9.93 1.17
1.39 10.45 0.98
-3.64 8.90 -6.40
-2.79 8.76 -10.65
-3.68 9.07 -6.03
3.61 11.03 8.22
-1.63 10.01 1.78
6.66 8.98 0.81
0.59 9.94 2.42
-0.37 9.65 -2.87
-2.13 8.62 -11.38
-0.84 9.29 -8.16
2.49 11.30 8.50
0.41 8.75 -3.68
4.71 9.96 3.58
0.25 10.69 5.84
0.60 9.48 0.16
1.10 10.54 -0.92
-2.31 9.12 -6.02
-1.98 9.92 1.23
-1.01 9.28 -5.13
-4.35 11.56 9.47
3.38 9.19 0.19
2.07 9.77 1.91
0.28 9.31 -0.54
-4.00 9.77 -2.24
-0.45 8.29 -14.04
-0.96 9.38 -7.15
-2.64 11.83 10.06
-2.20 8.99 -3.75
4.29 9.86 3.91
4.24 10.74 5.35
0.52 10.21 1.01
3.97 10.04 -0.49
-1.75 8.95 -6.77
1.79 9.94 -0.57
0.17 8.46 -7.01
2.52 11.31 8.24
3.15 9.64 1.52
4.72 9.49 3.99
-1.27 9.80 1.73
-1.35 9.79 -2.20
-3.41 8.93 -11.11
-4.61 9.76 -7.58
-1.22 11.91 10.91
8.57 8.49 -3.78
0.88 10.32 3.96
4.29 10.77 7.03
0.56 9.60 1.08
-0.85 10.49 0.51
-5.60 8.86 -7.35
-5.85 9.89 -1.58
0.83 9.07 -4.79
-0.38 11.02 6.36
-0.77 9.26 -0.90
5.86 9.60 2.59
6.00 9.27 0.13
-6.39 9.80 -3.67
-3.64 9.01 -11.83
-3.47 9.35 -8.88
5.57 11.70 10.41
2.21 9.26 -1.75
8.32 9.08 2.50
1.27 10.81 4.88
3.27 9.63 -0.38
2.13 10.02 -0.73
-6.67 9.33 -5.97
0.33 9.49 -2.68
0.32 8.69 -4.22
3.78 10.81 6.81
1.84 10.18 3.35
2.38 9.19 2.67
-0.11 9.58 0.30
-3.73 10.18 -1.28
-1.48 8.89 -10.85
-4.39 9.44 -9.01
-0.65 12.17 11.76
6.09 8.27 -4.19
2.83 9.84 3.84
3.85 10.65 5.90
3.88 9.31 -0.48
-1.40 10.87 0.86
-2.30 8.96 -6.81
-7.40 9.60 -3.57
-0.36 8.98 -4.12
3.52 10.86 8.05
0.10 9.70 1.25
3.76 9.64 1.56
4.71 9.23 1.14
-2.73 9.24 -3.93
-1.29 8.80 -11.26
-4.62 9.27 -9.11
-4.69 12.14 10.03
2.05 9.10 -1.93
3.22 9.53 4.15
3.09 10.37 5.41
1.28 9.40 -3.01
-2.13 10.35 0.59
-5.00 8.84 -7.63
-2.55 9.15 -6.81
0.17 8.40 -6.94
5.03 10.82 6.58
5.84 9.76 2.14
3.36 9.80 2.98
2.21 9.80 0.78
-3.16 9.79 -3.33
-1.87 9.31 -8.19
-3.10 9.33 -8.81
-1.21 11.66 9.09
1.16 8.71 -4.72
2.60 9.78 3.89
3.37 10.34 6.14
3.99 9.18 -0.33
0.13 10.49 -0.71
-1.77 8.80 -7.87
-6.22 9.29 -5.38
2.25 8.67 -6.99
2.92 11.32 9.40
3.27 9.18 0.14
2.05 9.88 3.16
3.20 9.23 -0.63
-3.65 9.87 -2.05
-3.89 8.47 -13.67
2.67 8.93 -7.70
3.16 11.30 8.75
2.24 9.08 -4.15
2.48 10.17 5.36
7.52 10.55 8.01
2.34 9.55 0.00
2.13 10.37 -0.34
-6.33 9.09 -7.46
-2.31 9.88 -0.95
2.31 8.46 -4.22
4.69 11.13 9.08
6.48 9.46 1.80
0.45 9.38 1.30
-3.01 9.86 0.51
-2.99 9.80 -2.61
-1.33 8.58 -11.32
-1.08 9.16 -8.16
1.54 11.84 12.72
4.80 8.23 -3.94
3.68 9.83 3.18
3.70 10.53 6.03
2.16 9.55 1.10
1.08 10.68 0.92
-5.34 9.21 -5.58
-7.18 9.59 -2.29
1.59 8.87 -5.84
1.56 11.09 7.79
-1.73 10.24 2.30
4.43 9.93 4.03
4.26 9.03 -0.23
-1.13 9.42 -2.70
-3.60 8.76 -12.84
-1.35 9.02 -8.64
3.53 11.60 9.54
1.41 9.53 -1.10
4.90 9.60 3.86
5.02 10.50 6.99
1.06 9.92 0.51
-2.27 10.09 -1.65
-6.16 8.99 -7.18
2.15 8.95 -6.04
-3.29 8.83 -5.99
3.33 10.95 7.18
4.80 9.70 1.65
2.74 9.78 2.16
-3.34 10.10 0.83
-0.28 9.41 -2.97
-4.90 9.27 -9.05
-4.35 9.40 -9.07
-1.06 11.62 8.91
1.83 8.46 -4.57
4.05 9.43 2.51
2.14 10.66 6.94
-0.27 9.56 0.16
1.90 10.25 -0.74
-1.74 9.22 -6.39
-8.91 9.12 -8.20
3.22 8.93 -5.92
2.25 11.77 11.67
1.42 9.05 -0.00
1.95 9.64 0.92
-1.16 9.58 -1.13
-5.09 9.76 -3.07
-3.97 8.73 -13.48
-3.17 9.32 -7.65
-0.66 11.61 10.00
-2.04 9.12 -4.24
5.89 10.05 6.46
1.78 10.44 6.02
3.99 9.72 0.18
2.32 10.30 0.77
-5.98 9.34 -5.32
0.72 8.52 -9.66
-1.43 8.74 -6.92
1.50 11.13 8.72
-2.20 9.36 -1.73
1.19 9.66 2.57
-0.84 9.68 2.32
-2.16 9.65 -1.34
-1.33 8.55 -12.01
-6.31 9.04 -9.58
1.46 10.85 5.90
0.70 8.59 -4.04
2.22 9.82 3.88
4.63 10.61 7.08
2.60 9.39 0.43
-2.89 10.55 0.73
1.25 8.85 -4.58
-8.32 9.77 -2.18
-1.33 10.09 -0.90
-3.65 9.55 -2.07
3.61 9.52 -0.09
2.76 9.60 -0.79
3.50 9.49 0.31
4.00 9.66 0.71
2.24 10.05 1.68
-3.85 10.02 -0.63
-0.46 9.93 0.12
-2.14 9.73 -1.56
2.76 9.28 -1.76
-1.68 9.47 -2.34
0.48 9.45 0.54
0.42 9.72 -0.36
-2.81 9.77 -1.05
1.09 9.41 -1.23
-0.64 9.97 0.47
2.24 9.88 0.58
-1.83 9.75 -2.12
0.07 9.61 -1.24
-0.73 9.70 -2.11
5.06 9.48 -0.87
0.43 9.54 -0.61
-1.21 10.22 1.53
2.70 9.68 -0.32
-0.59 9.90 -1.00
-1.52 9.82 -1.60
-2.60 9.65 -2.86
2.28 9.74 -0.19
-0.29 9.20 -2.48
2.38 9.53 -0.45
-0.33 9.88 0.23
-1.16 9.85 -0.69
-1.20 10.09 0.01
3.63 9.98 0.69
-1.06 9.94 0.22
-2.52 9.74 -1.69
2.88 9.90 0.86
0.60 9.84 -1.52
2.91 9.95 0.63
5.29 9.42 -0.28
-1.04 9.77 -0.16
-3.67 9.45 -2.50
1.39 9.56 -1.56
-1.26 10.26 1.09
0.77 9.45 -0.39
2.12 9.72 0.57
1.34 9.48 -1.65
-0.41 9.76 -0.18
-1.45 9.73 -1.54
2.01 9.68 -0.72
3.01 9.56 -0.41
-1.93 9.95 -0.21
2.84 9.58 -0.00
-1.61 9.93 0.41
-0.30 10.01 0.18
-4.19 10.11 -0.29
-2.32 9.77 -1.60
-2.40 9.55 -2.28
1.02 9.87 -0.78
-3.51 9.66 -1.88
6.31 9.39 -0.71
0.08 9.41 -2.75
2.12 9.54 -1.59
-2.55 9.57 -1.72
2.06 9.80 0.04
-0.09 10.00 0.35
0.34 9.82 -0.60
-1.88 9.84 -0.86
1.05 9.60 -0.60
0.17 9.72 -0.59
-1.39 9.54 -2.02
3.99 9.59 -0.46
-2.09 9.35 -3.65
-0.48 9.41 -2.56
-1.07 9.68 -1.29
0.28 9.76 -1.01
-0.61 9.66 -1.34
-2.20 9.86 -0.96
-0.39 9.84 -0.35
0.45 9.93 -0.50
-0.65 9.82 -1.08
1.12 9.72 -0.61
-1.18 9.68 -1.24
-0.73 9.88 0.04
-0.61 9.89 -0.51
-0.86 9.70 -1.68
-1.46 9.86 -2.74
-0.24 9.45 -1.71
0.95 9.46 -0.55
-2.79 9.89 -0.30
1.57 9.92 1.26
-1.29 9.99 -0.39
-4.95 9.95 -1.89
0.12 9.84 -0.19
-3.07 9.77 -0.45
-0.17 9.91 0.01
0.60 9.77 0.23
3.35 9.38 -0.78
0.59 9.67 -0.36
1.29 9.70 -0.26
-0.55 9.73 -1.04
-1.20 9.97 0.02
0.43 9.63 -0.93
-4.39 10.08 -1.81
3.79 9.51 -1.12
0.79 9.60 -0.23
1.16 9.38 -1.13
1.61 9.89 0.65
-0.76 9.97 0.19
-0.01 9.89 -0.85
0.02 9.92 -0.10
0.78 9.86 -0.97
-0.45 9.72 -1.15
3.81 9.27 -2.06
2.50 9.91 0.46
-2.68 9.66 -1.03
1.95 9.50 -0.83
-0.53 9.81 -0.64
1.57 9.43 -1.54
1.39 9.97 -0.85
3.67 9.60 -1.16
-5.53 9.69 -3.29
-0.98 9.76 -1.13
4.39 9.81 -0.20
-1.10 9.67 -1.87
2.40 9.59 -0.86
1.60 9.59 -0.35
1.70 9.79 0.50
0.33 9.78 0.10
1.52 10.01 0.77
0.60 9.75 -0.90
1.00 9.86 -0.77
1.69 9.68 -0.83
1.78 9.07 -2.96
4.13 9.33 0.11
-0.25 9.56 0.30
0.45 9.56 -1.04
2.68 9.80 1.34
1.78 9.62 -0.25
-1.24 9.81 -0.32
-4.72 10.01 -1.80
1.77 9.67 -1.03
1.79 9.87 -0.18
-2.07 9.62 -1.83
4.55 9.53 -0.67
2.24 9.36 -1.30
2.04 9.52 -0.93
1.13 9.56 -0.87
-0.88 9.74 -0.76
1.51 9.74 -0.51
-1.71 9.74 -0.34
0.33 9.73 -0.97
-4.58 9.74 -1.92
1.11 9.58 -1.60
0.11 9.84 -2.16
2.82 9.65 -1.63
-1.65 9.54 -2.37
0.91 9.58 -1.25
-2.37 10.03 -0.97
-2.05 9.86 -0.88
1.89 9.73 -0.70
-1.24 9.94 0.11
1.13 9.93 0.24
0.70 9.94 0.29
1.58 9.81 0.17
0.37 9.76 0.40
-1.16 9.71 -2.02
2.38 9.59 -1.23
1.49 9.45 -2.14
-2.88 9.81 -1.68
-1.80 9.53 -2.89
1.20 9.84 -1.13
-0.14 9.44 -2.30
-2.89 9.82 -0.87
0.11 9.29 -2.96
1.02 9.43 -0.75
1.21 9.66 -0.55
-2.75 9.79 -0.73
-1.91 10.28 0.25
-0.56 9.72 -1.51
1.83 9.91 0.35
0.90 9.90 -0.06
2.21 9.05 -0.97
-0.45 10.62 -0.16
1.85 9.61 -0.02
2.00 9.94 -0.66
0.28 9.99 -1.64
-0.16 8.98 -1.90
0.25 10.30 -0.78
-0.09 9.43 -0.59
0.53 9.91 -0.02
0.73 9.81 -0.17
0.79 9.60 -0.06
0.98 10.10 -0.05
0.59 9.48 -0.45
0.76 9.84 -0.58
0.58 9.76 -0.53
0.30 9.67 -0.55
0.44 9.90 -1.14
0.05 9.52 -0.89
0.28 9.84 -0.80
0.12 9.72 -0.88
0.38 9.65 -0.62
0.47 9.87 -0.72
0.42 9.64 -0.28
0.52 9.92 -0.32
0.43 9.73 -0.61
0.53 9.76 -0.41
0.50 9.87 -0.47
0.45 9.67 -0.58
0.46 9.75 -0.69
0.31 9.66 -0.76
0.33 9.73 -0.61
0.34 9.81 -0.76
