3.39 11.62 9.03
2.87 9.25 0.70
3.04 9.21 1.22
0.31 9.49 -0.44
-1.68 10.03 -0.61
2.71 9.05 -9.05
0.12 9.31 -7.95
-5.49 12.39 10.13
-0.83 8.42 -5.59
6.02 10.02 3.58
3.99 10.64 5.88
2.85 9.76 1.71
-1.40 10.84 1.43
-2.23 8.84 -5.72
-7.77 9.84 -0.91
1.18 8.55 -5.79
-1.70 12.07 10.68
-0.91 9.19 -1.41
5.85 9.71 2.37
-0.06 9.14 -1.44
-2.40 9.33 -3.45
-3.47 8.85 -12.22
-2.10 8.68 -11.00
-0.08 12.16 11.09
-3.77 8.69 -4.81
5.28 9.68 3.47
4.08 10.72 6.30
3.92 9.49 0.03
-0.24 10.48 0.10
-1.52 8.98 -7.40
-4.24 10.15 -0.65
-3.04 8.42 -6.46
-1.64 11.50 7.64
-0.35 10.19 1.69
1.67 9.25 1.58
0.06 9.38 0.39
0.85 9.52 -3.08
-5.36 8.78 -12.31
-4.07 9.46 -9.00
0.49 12.18 10.61
2.93 8.43 -5.23
1.53 9.95 3.00
4.45 10.15 5.95
-2.35 9.24 -0.03
3.10 10.64 1.68
-8.57 8.64 -9.03
-0.25 10.54 3.38
-2.09 9.44 -4.02
5.06 10.52 6.98
-2.88 9.45 0.31
7.21 9.20 1.05
1.94 9.46 -1.13
4.14 9.07 -4.38
-5.44 8.85 -13.43
-1.34 8.55 -9.63
9.18 11.68 11.53
3.62 9.17 -1.32
3.96 9.35 3.93
2.96 10.35 6.09
-1.64 9.66 -1.59
-0.04 10.37 -1.51
-4.76 8.46 -10.23
-0.81 10.69 2.49
4.74 8.18 -4.67
3.01 10.33 5.38
4.38 9.87 2.63
4.31 9.40 1.39
2.60 10.19 2.63
1.35 9.97 -1.28
-6.05 8.62 -12.12
-2.65 9.13 -9.50
0.12 12.12 11.92
1.11 8.92 -2.44
5.35 9.56 3.46
5.51 10.04 6.16
4.17 9.29 1.30
1.29 10.39 -0.95
-3.22 8.75 -8.37
-4.97 11.14 4.83
0.21 8.69 -6.05
-0.98 10.70 5.91
4.90 10.79 6.29
3.41 9.90 2.46
-2.77 9.56 -1.99
-1.28 9.37 -3.55
-3.13 8.61 -12.78
-3.89 8.83 -10.45
5.42 11.71 10.64
2.88 9.44 0.55
0.28 9.71 3.32
6.31 10.72 6.71
0.64 9.70 -0.54
2.17 10.10 -1.64
-6.87 8.85 -10.13
-0.42 10.59 1.96
0.41 8.68 -4.64
1.96 10.32 5.60
1.29 10.58 5.24
1.08 9.67 1.91
-3.58 10.07 0.15
-4.35 10.33 -0.08
-6.02 8.37 -13.22
-3.69 9.11 -10.96
-3.39 12.45 12.06
4.00 8.30 -4.61
4.14 9.84 3.94
4.12 10.09 5.09
0.88 9.55 1.20
4.82 10.19 -0.95
-3.03 9.05 -6.96
-1.48 10.39 3.83
3.32 8.92 -3.30
-0.60 10.72 6.31
3.21 9.47 1.01
4.43 9.63 1.87
0.98 9.29 -2.39
-2.29 9.77 -2.34
-3.41 8.35 -14.13
1.67 8.73 -9.23
3.39 12.04 12.26
1.67 9.26 -1.42
5.71 9.31 3.70
4.26 10.35 5.37
1.23 9.72 -1.46
0.73 10.56 -0.45
-4.80 9.10 -8.39
-3.22 10.62 1.46
-0.60 8.36 -4.96
3.86 10.34 5.45
5.63 10.35 4.74
7.41 9.37 3.71
2.87 9.49 0.40
1.31 9.95 -1.75
-9.07 8.83 -13.96
0.61 8.80 -10.28
-2.23 12.22 12.61
3.01 8.68 -3.38
5.61 9.43 2.41
6.09 9.66 3.68
4.20 9.21 0.26
4.25 10.27 -0.40
1.29 8.75 -6.34
-5.20 10.33 1.54
-0.78 8.64 -5.92
3.82 10.72 5.94
0.29 10.42 2.75
5.34 9.60 -0.15
-0.03 9.11 -0.22
-4.62 9.46 -2.40
1.79 8.29 -12.62
-0.56 9.05 -8.07
1.78 12.06 12.05
4.17 8.81 -2.41
2.51 9.40 3.09
3.98 10.40 6.46
3.47 9.58 -0.45
-0.66 10.64 -0.62
-6.97 9.32 -7.25
-4.81 10.34 -0.18
0.01 8.12 -7.62
4.92 10.96 7.98
3.53 10.78 5.87
8.02 9.66 0.85
-3.16 10.57 0.94
-1.56 9.67 -2.29
-2.72 8.52 -12.57
-0.84 9.07 -10.77
-2.63 12.40 12.72
2.04 8.64 -3.38
2.13 9.57 2.49
0.09 10.03 3.00
0.21 9.28 -0.27
0.49 10.87 1.67
-6.68 8.99 -6.96
-4.51 10.00 0.78
2.56 8.49 -6.22
0.69 10.99 7.09
5.85 10.39 3.43
3.05 9.99 1.40
-0.25 10.08 -0.19
3.06 9.64 -1.56
-6.28 8.83 -13.78
-1.93 8.91 -10.74
-1.17 12.53 12.76
3.65 9.09 -1.44
3.69 8.85 1.08
1.34 10.50 5.76
1.50 9.65 0.51
-0.47 10.43 0.34
-4.56 8.75 -9.04
-1.04 10.40 -0.51
-6.25 8.38 -7.72
1.20 11.13 7.23
7.52 10.15 5.06
4.15 9.69 3.89
3.33 10.09 2.07
0.85 9.34 -3.31
-0.69 8.65 -11.95
-4.10 8.90 -11.60
-0.53 12.36 12.70
2.09 8.65 -3.35
3.95 9.84 3.84
10.77 9.60 5.07
4.55 9.14 1.73
0.39 10.77 0.44
-3.56 9.24 -5.94
-6.40 10.35 1.52
-2.51 9.07 -5.74
-0.75 11.42 8.32
2.96 10.36 3.04
4.45 9.79 2.07
0.41 9.99 0.67
-0.95 8.99 -5.36
-2.47 8.40 -14.45
1.71 8.90 -9.06
3.89 12.25 12.78
4.96 9.08 -0.50
4.72 8.63 0.83
5.77 10.41 5.46
-1.62 9.93 -1.70
-6.50 9.81 -7.00
-2.58 8.76 -9.81
-6.19 10.57 -1.73
0.08 8.20 -7.21
1.79 10.69 5.27
1.74 10.52 2.75
2.25 10.10 3.79
-0.02 10.67 4.06
-5.03 9.72 -4.03
-5.32 8.83 -12.28
-3.99 9.02 -11.86
-0.73 12.41 13.49
1.19 8.53 -3.51
5.13 9.56 3.25
5.74 9.39 3.68
1.88 9.07 -0.86
-1.14 9.97 -6.07
-3.61 8.99 -6.31
-3.87 9.70 -0.71
-4.81 8.65 -8.37
3.05 11.06 7.13
-4.76 10.52 2.36
-1.65 10.16 0.84
4.46 9.77 0.02
-0.56 9.05 -4.51
0.28 8.49 -9.54
0.33 8.71 -9.05
2.49 12.08 13.71
3.11 9.13 -1.38
3.27 9.42 4.05
1.12 10.47 5.33
3.31 9.87 1.21
-0.69 9.46 -7.89
-5.62 9.08 -9.45
-5.72 10.18 -1.05
1.34 8.17 -6.93
1.58 11.34 7.87
7.06 10.57 5.79
7.35 9.24 1.46
-3.35 10.77 0.22
-6.03 9.66 -4.82
-3.57 8.84 -6.52
-3.94 9.20 -6.99
-2.11 10.13 0.52
-0.01 9.41 -0.09
-1.34 9.43 -0.15
3.40 9.50 -0.34
1.34 9.35 -2.31
3.51 9.37 -3.48
0.03 9.95 -0.89
1.38 8.98 -2.74
-1.01 10.05 1.00
-0.90 9.50 -1.55
1.03 9.87 0.23
-0.74 9.64 -0.36
-2.50 9.99 -0.92
1.87 9.57 -2.12
0.56 9.71 -2.36
2.81 9.34 -1.34
-0.67 9.79 0.06
-1.12 10.02 0.85
6.37 9.40 0.17
-1.29 9.86 -0.51
4.14 9.51 -0.53
-2.51 9.75 -0.80
1.55 9.61 -0.65
-0.61 9.64 -0.32
0.32 9.93 0.73
-0.29 9.87 -0.14
0.84 9.77 -0.87
-0.45 9.57 -1.78
1.60 9.47 -2.06
1.48 9.37 -2.43
3.33 9.43 -0.89
0.09 9.63 -1.18
-0.69 9.44 -1.45
4.00 9.80 0.85
-0.86 9.94 -0.25
-1.42 9.77 -0.90
1.64 9.80 0.63
1.81 9.65 -0.20
-0.56 10.00 0.57
-1.71 10.14 0.84
-1.75 9.94 0.22
1.22 9.71 -0.16
-1.95 10.16 0.37
0.79 9.67 0.07
3.60 9.78 0.36
-1.01 9.60 -1.83
-0.74 9.87 -0.61
-0.48 9.79 -0.63
0.83 9.84 -0.47
-1.64 9.59 -2.27
1.13 9.58 -1.47
0.92 9.27 -2.01
0.08 9.45 -1.71
2.83 9.81 -0.40
0.56 9.74 -0.87
0.41 9.96 -0.96
-3.16 10.02 -0.79
-0.45 9.87 0.60
2.70 9.89 1.58
1.94 9.72 1.08
0.65 9.79 -0.60
2.33 10.01 1.48
-4.08 9.81 -1.50
-0.17 9.71 -1.04
3.74 9.32 -1.82
-4.09 9.48 -3.35
1.86 9.49 -1.45
-5.22 9.72 -2.00
3.42 9.63 -0.57
0.51 9.76 0.10
-4.20 10.04 0.32
1.73 10.30 3.15
1.12 9.88 0.83
2.60 9.67 -0.20
-0.32 9.54 -1.09
-0.14 9.57 -0.92
-1.33 9.76 -0.14
2.18 9.52 0.05
-1.44 9.89 0.45
-0.94 9.60 -2.36
4.80 9.51 -1.53
1.63 9.56 -1.13
-3.84 9.81 -1.72
-0.25 9.54 -1.89
-0.67 9.57 -0.96
-0.46 9.53 -1.41
-4.86 10.01 -1.53
-0.64 9.71 -1.65
2.13 9.84 -0.01
-0.78 9.51 -0.78
1.02 9.76 -1.00
-5.15 9.65 -3.60
1.13 9.48 -2.27
1.49 9.49 -2.07
-5.19 9.81 -1.65
-0.09 9.48 -2.27
-0.08 9.83 -0.97
-0.43 9.57 -0.90
2.56 9.42 -1.46
-0.85 9.45 -2.81
-0.57 9.66 -1.80
-2.06 9.65 -2.24
-0.54 9.55 -3.35
-1.05 9.75 -1.44
0.19 9.74 -0.74
0.67 9.68 -0.72
-1.27 9.80 -1.33
-1.56 9.97 0.33
-1.95 9.47 -2.08
0.83 9.65 -1.19
0.20 9.78 -0.64
-0.62 9.71 -0.22
3.95 9.78 1.90
-0.41 10.07 1.20
1.06 9.91 1.30
1.26 10.00 1.62
-0.60 9.95 -0.15
2.73 9.70 -0.55
-0.07 9.76 -0.25
0.74 9.54 -1.45
1.64 9.75 0.08
-0.67 9.38 -1.51
5.18 9.36 -1.72
0.42 9.84 -0.30
2.39 9.78 0.43
3.04 9.53 -0.94
-0.65 9.80 -1.23
-3.44 9.69 -2.53
-4.70 9.66 -3.17
0.75 9.64 -0.92
-2.24 9.57 -1.85
-1.25 9.77 -0.56
-0.76 9.59 -1.77
-1.25 9.68 -1.66
-1.42 9.46 -2.94
1.76 9.74 -0.88
-2.26 9.85 -1.59
-3.80 9.98 -0.38
2.01 9.53 -0.01
1.22 9.00 -3.22
1.23 9.89 -0.03
0.32 9.72 -0.40
-0.15 9.88 -0.16
-3.25 9.53 -2.71
2.98 9.50 -1.41
1.69 9.80 -2.08
2.06 9.51 -1.40
-2.04 10.17 -0.90
-0.43 9.82 -0.59
0.95 9.55 -0.84
-1.57 9.90 -0.06
2.96 9.43 -1.00
-0.34 10.43 2.20
1.52 9.70 0.35
1.67 9.83 0.37
0.21 10.13 1.04
2.12 9.79 0.15
-0.95 10.02 -0.35
1.04 9.63 -1.53
1.34 9.97 -0.61
2.46 9.58 -1.20
2.96 9.45 -1.40
-0.33 9.95 -0.28
0.79 9.23 -2.54
1.83 9.63 -1.28
-0.95 9.77 -1.29
-2.05 9.91 0.35
1.05 9.84 0.95
0.26 9.87 0.14
0.91 9.64 0.26
-0.68 9.71 -1.11
-0.62 9.73 -1.34
0.30 9.67 1.06
1.71 9.35 -1.51
0.07 9.81 -0.85
1.07 9.96 -0.18
0.68 9.61 -1.28
-2.05 10.07 -0.53
-0.94 9.88 -0.48
0.40 9.66 0.03
2.40 9.61 -0.76
0.88 9.95 0.20
0.59 10.00 0.01
1.79 9.98 0.37
2.30 9.69 -0.01
2.26 9.47 -0.49
2.29 10.08 -0.76
-1.55 9.43 -1.58
-1.08 9.72 -1.15
-0.91 9.99 -2.13
-0.49 9.04 -1.73
0.38 10.14 -1.09
0.16 9.45 -0.33
0.61 9.90 0.02
0.82 9.90 -0.04
0.64 9.54 0.04
1.06 10.15 0.08
0.87 9.57 -0.30
0.75 9.76 -0.70
0.59 9.82 -0.52
0.16 9.55 -0.73
0.20 9.96 -1.33
0.01 9.51 -1.00
0.19 9.78 -1.00
0.18 9.74 -0.70
0.26 9.64 -0.62
0.30 9.88 -0.84
