7.53 9.46 -0.85
3.07 10.04 2.73
1.37 9.97 0.10
2.30 9.27 -4.31
2.01 10.73 3.87
-0.78 7.44 -10.74
-4.50 9.64 -8.41
-0.82 11.25 6.48
-1.07 7.06 -11.83
-2.77 11.05 4.79
-3.69 9.40 -2.18
-2.29 9.51 -5.61
-0.09 13.55 15.55
-1.29 8.98 -2.30
-1.30 10.66 4.60
-2.23 9.24 -8.09
-6.53 8.97 -3.19
-1.35 10.67 1.88
2.07 6.56 -13.80
-0.37 10.39 1.79
4.64 10.26 5.19
3.49 9.35 2.41
1.57 9.66 -7.71
-1.06 8.42 -11.54
-2.65 11.50 9.06
-1.38 8.54 -4.82
2.40 10.03 3.93
2.56 10.93 6.83
1.44 9.67 0.56
-1.08 10.21 -1.53
-4.57 8.79 -8.89
-2.93 11.20 6.11
-1.24 8.39 -7.37
1.16 10.59 4.14
4.24 9.87 2.63
0.15 9.71 1.25
-1.77 9.90 -0.66
-2.98 9.52 -4.19
-4.85 9.04 -8.26
1.58 9.29 -4.48
-0.57 11.65 9.44
1.98 8.89 -2.79
1.90 9.72 2.19
5.89 10.01 4.20
4.58 9.41 -0.67
-1.85 10.21 -4.31
-1.36 8.94 -7.59
-2.26 10.85 5.54
0.31 9.15 -2.46
2.40 11.11 7.44
0.08 10.00 1.89
4.16 9.82 1.66
-0.87 9.80 -1.35
-1.95 9.47 -4.22
-1.96 8.47 -11.65
3.07 9.05 -6.17
4.43 11.43 9.78
4.38 8.80 -3.20
7.23 9.74 3.95
2.29 10.64 6.04
0.78 9.71 -0.73
1.21 10.25 -1.54
-5.65 9.09 -8.04
-2.23 10.41 1.95
2.16 8.49 -4.33
4.62 10.31 4.95
4.04 9.87 1.83
1.58 9.45 0.95
-0.36 9.53 -1.16
-3.07 9.91 -2.86
-3.07 8.69 -10.91
-2.56 9.25 -8.69
1.19 11.59 10.77
3.23 8.53 -2.33
3.77 9.71 2.52
1.63 10.28 5.16
4.12 9.66 1.61
0.39 10.83 1.53
-4.10 9.03 -6.28
-4.37 9.87 -0.64
-0.71 9.03 -3.92
3.10 10.76 8.48
-4.86 10.25 1.73
0.12 9.77 1.22
2.59 9.07 -0.61
-0.85 9.24 -3.67
2.56 8.69 -11.80
1.23 9.19 -7.89
-0.40 11.70 10.07
2.66 9.62 0.63
3.75 9.27 2.66
5.20 10.27 5.54
3.48 9.78 0.31
-2.08 10.25 -1.07
-3.45 8.99 -7.75
-0.74 9.21 -5.60
0.23 8.32 -7.50
5.76 10.94 8.24
1.06 10.05 2.07
5.58 9.40 0.98
0.69 9.95 3.49
-0.44 9.64 -1.83
-4.68 9.67 -6.85
-5.10 9.42 -9.05
-3.68 11.62 8.42
2.09 8.76 -2.28
5.18 9.51 2.17
3.80 10.48 6.41
3.48 9.52 1.87
-1.13 10.23 0.88
-5.76 9.39 -4.38
0.63 8.40 -8.46
-1.28 9.35 -5.38
4.24 11.09 10.14
-3.53 9.28 -0.53
3.18 9.40 0.16
-2.38 9.69 -0.15
-1.62 9.66 -0.38
0.51 9.95 -5.03
-3.21 9.13 -7.83
1.68 10.89 7.57
0.90 8.71 -4.48
7.82 10.00 5.31
3.70 10.83 6.43
3.24 10.13 0.51
1.92 10.16 -0.82
1.38 9.11 -4.04
0.61 8.25 -11.95
-0.87 9.15 -6.56
2.08 11.40 9.83
7.72 9.24 0.61
3.47 9.77 4.04
-1.55 10.14 2.66
-0.86 9.85 -0.86
-2.48 10.35 -1.66
-3.21 9.31 -6.97
-3.07 10.73 2.86
-2.56 8.58 -5.43
2.62 10.21 4.15
4.12 10.55 4.34
1.28 9.83 0.84
-2.75 10.74 1.79
-1.28 10.07 -2.28
-1.19 8.38 -12.11
-1.01 9.52 -7.09
-3.11 11.88 10.32
-1.29 8.63 -3.17
2.05 9.45 2.10
3.77 9.68 3.14
-2.37 9.67 -0.43
-0.36 10.69 0.55
-6.12 9.03 -5.11
-4.86 9.72 -0.88
-5.17 8.89 -6.31
2.23 10.40 5.29
0.73 10.08 2.05
3.06 9.74 0.98
1.17 9.58 -1.36
-2.80 9.35 -6.28
-0.31 8.90 -11.13
-2.68 9.19 -9.43
3.10 11.91 10.72
3.17 8.68 -3.67
6.34 9.68 5.25
1.41 10.41 6.57
-1.75 10.02 0.20
-3.35 10.60 -1.63
-1.78 9.21 -5.71
1.29 8.93 -6.73
-3.00 8.77 -6.53
4.05 10.96 7.86
1.79 9.73 2.53
5.75 9.53 2.74
-2.97 9.91 0.65
0.82 9.70 -3.24
-3.57 8.75 -12.28
-4.74 9.26 -9.40
1.17 11.61 8.08
3.11 9.02 -1.98
1.61 9.67 3.05
5.51 10.62 7.93
3.99 9.40 0.19
-0.22 10.74 -0.17
-3.13 9.26 -6.23
-2.82 9.76 0.06
1.34 8.81 -7.29
-0.08 11.87 10.01
-2.45 9.25 -1.83
6.34 9.14 1.01
1.32 9.79 1.30
1.62 9.23 -3.70
-4.21 9.35 -11.13
5.19 8.61 -9.18
0.03 11.73 10.27
-0.54 9.01 -4.33
5.08 10.20 5.36
4.89 10.61 5.09
4.62 9.85 0.75
-0.59 10.35 1.59
-4.94 9.41 -4.72
-4.07 8.83 -8.67
-0.92 8.57 -6.62
-0.07 11.81 9.10
3.24 9.38 -0.45
2.12 9.19 2.35
2.39 10.09 5.29
1.09 9.80 0.33
-0.93 9.66 -5.11
0.25 9.06 -8.55
0.72 11.33 7.70
1.70 8.29 -4.44
6.52 10.54 5.07
2.84 10.62 4.60
5.14 9.41 0.57
3.02 10.32 0.89
-1.86 10.02 -2.78
-1.64 8.58 -9.38
-0.85 9.18 -8.08
1.24 11.64 10.12
4.95 8.65 -2.34
6.71 9.31 3.33
1.46 10.31 4.45
3.04 9.25 -1.81
-0.79 10.27 -3.89
-3.11 8.87 -8.84
0.61 10.87 5.79
-0.48 8.66 -4.71
4.48 10.96 8.10
3.06 9.76 1.25
3.45 9.78 1.55
-0.04 9.54 -2.06
-2.36 9.91 -2.12
-3.36 8.67 -12.77
-0.41 9.04 -8.52
-2.07 11.98 9.83
6.19 9.26 0.87
3.76 9.57 2.76
1.63 10.71 4.50
1.80 9.89 -0.30
1.29 10.30 -0.64
-5.56 9.20 -5.92
-4.65 9.81 -0.85
-0.74 8.70 -4.99
1.90 10.49 4.54
6.02 10.13 3.89
7.20 9.40 2.87
-2.68 9.81 -0.16
-4.70 10.11 -2.43
-6.87 9.08 -11.74
-4.89 9.30 -9.09
3.53 11.76 10.92
3.47 8.59 -2.62
1.89 9.50 2.47
3.27 10.35 5.82
1.52 9.57 1.70
4.70 10.44 2.26
-5.94 9.36 -5.67
-4.65 9.17 -5.01
-0.95 9.28 -4.49
3.29 11.48 10.39
-0.86 9.84 1.24
4.63 9.82 3.98
2.87 9.75 2.77
-2.56 9.46 -1.85
-4.18 9.40 -9.42
0.36 9.06 -8.46
1.81 11.36 8.71
2.62 8.81 -3.45
5.53 9.86 4.32
0.93 10.94 6.88
-2.85 9.61 0.23
-2.31 9.82 -1.12
-1.14 9.10 -5.19
-4.35 8.70 -10.95
-1.44 9.04 -5.51
1.60 11.35 9.33
0.33 9.70 0.39
4.37 9.41 2.27
-2.62 10.07 1.31
-1.67 9.73 -0.95
-4.40 10.46 -2.18
-4.05 8.90 -9.32
-0.48 10.97 4.48
0.09 8.46 -5.16
1.65 10.20 4.50
2.90 10.46 4.98
2.65 9.65 1.71
2.27 10.35 1.18
-0.53 9.85 -3.12
-2.87 8.28 -12.16
-2.33 9.65 -6.31
-2.75 12.15 11.61
7.20 8.48 -1.10
2.44 9.61 2.20
-2.01 9.98 2.79
-1.39 9.81 -0.86
1.68 10.46 -1.00
-4.37 8.71 -7.58
-3.54 9.80 -1.40
-3.43 9.06 -4.87
1.44 10.82 8.12
3.46 10.10 3.81
1.31 9.66 1.29
-1.57 9.61 -2.39
1.09 9.28 -3.67
-0.58 10.29 -0.67
-2.38 9.72 -4.27
1.79 9.51 -1.46
0.95 10.03 1.13
-0.01 9.58 -1.02
-0.37 9.83 -0.53
4.03 9.73 0.83
3.84 9.89 0.23
1.54 9.71 -1.24
-1.52 9.89 -0.27
3.01 9.78 -0.19
-4.39 9.79 -2.08
-0.34 9.77 -0.72
0.51 9.53 -0.95
0.19 9.95 -1.15
-2.06 9.88 -0.61
0.90 9.66 -2.77
-2.25 10.34 1.72
-1.07 9.86 -0.84
-0.18 10.18 0.85
3.54 9.66 -0.23
-2.57 10.20 -0.78
-0.40 9.78 -1.80
-1.45 9.84 -1.59
2.19 9.53 -1.37
-0.16 9.21 -2.92
1.35 9.81 1.33
4.84 9.44 -1.12
-5.35 10.09 -1.14
-2.34 10.21 0.20
1.47 9.96 0.26
5.73 9.85 0.53
-2.16 10.23 1.07
-1.79 9.25 -2.25
5.19 9.44 0.56
2.07 9.48 -1.58
0.74 9.70 -0.53
0.38 9.64 -0.75
1.72 9.73 -0.49
0.39 10.22 1.70
-1.61 9.55 -2.18
-2.69 10.04 -0.88
-0.53 9.83 -1.29
1.57 9.87 0.15
-0.15 9.84 0.51
4.00 9.50 -0.35
2.49 9.66 -1.21
-4.65 10.13 -0.75
1.92 9.61 -1.17
3.18 9.67 -1.42
-2.09 9.74 -2.20
-0.74 9.89 -0.85
2.12 9.79 0.50
0.07 9.91 0.20
0.74 9.86 0.03
2.56 9.76 -0.12
0.41 9.69 -0.84
1.64 9.69 -1.93
1.22 9.41 -2.55
-2.46 9.87 -1.01
-1.29 9.21 -3.69
-2.57 9.79 -2.11
2.80 9.60 -0.78
-4.23 9.52 -2.18
4.07 9.30 -1.94
0.77 9.71 -1.56
-1.09 9.91 -0.71
-1.00 9.88 -0.54
0.42 9.72 -0.23
-0.84 9.99 0.02
1.35 10.05 0.67
-2.96 10.14 -0.49
3.99 10.01 2.07
-1.03 9.98 1.64
-1.77 9.94 0.59
4.54 9.67 0.55
-0.65 9.50 -1.03
-1.25 9.27 -2.79
0.61 9.49 -2.90
2.89 9.36 -1.70
0.31 9.63 -0.50
5.19 9.50 0.89
1.03 9.60 -0.14
3.16 9.51 -0.89
-1.71 9.83 -0.59
5.00 9.57 -0.39
-1.90 9.71 -0.85
4.18 9.71 0.75
-3.11 9.84 -0.50
0.41 9.66 -1.01
0.71 9.69 0.00
0.79 9.60 -0.68
0.99 9.57 -0.18
0.31 9.82 1.14
2.34 9.80 1.25
-0.36 9.78 -0.23
-0.62 9.60 -0.61
-0.89 9.82 -0.75
-1.04 9.83 0.02
0.40 9.70 -0.33
0.18 9.92 -0.09
-1.44 9.95 0.18
-0.51 9.72 -1.18
-0.60 9.92 -0.72
2.45 9.76 0.39
2.90 9.61 -0.76
-3.14 9.96 -0.60
0.54 9.65 -0.46
-0.92 9.39 -2.81
-0.53 9.78 -0.49
-1.01 9.69 -0.55
0.54 9.69 -1.18
4.14 9.54 -0.45
-4.15 10.03 -0.30
-1.55 10.03 -0.43
1.26 9.71 -0.61
2.21 9.83 0.14
5.02 9.77 0.45
3.70 9.54 -0.98
-0.77 9.65 -1.00
3.68 9.49 -0.39
-1.84 9.90 -0.74
-1.37 9.45 -2.23
0.79 9.69 -0.92
-3.17 9.82 -1.62
2.09 9.77 -0.24
-1.24 9.64 -1.58
1.54 9.43 -1.45
0.56 9.54 -1.08
-0.69 9.57 -2.20
-1.14 9.52 -3.03
-1.24 9.55 -2.61
-0.50 9.59 -2.46
-0.74 9.53 -2.11
-0.55 9.85 -0.89
-1.50 9.69 -0.61
2.15 9.54 -0.37
2.45 9.81 0.74
-0.44 9.94 1.59
-0.12 10.04 1.67
3.29 9.99 1.36
-0.58 10.02 0.18
-1.74 10.29 1.42
0.23 10.12 1.46
1.20 9.83 1.37
2.81 9.82 1.69
3.46 10.07 1.52
1.99 9.90 0.24
1.83 9.74 0.18
-0.70 9.78 -1.29
1.44 9.81 0.02
-3.00 9.77 -1.41
-2.69 9.54 -1.85
-1.60 9.68 -2.05
1.79 9.12 -2.78
0.76 9.40 -2.72
1.31 9.55 -1.41
1.32 9.66 -0.17
0.86 9.35 -1.26
0.07 9.69 -1.24
0.55 9.54 -1.19
-1.95 9.82 -0.93
0.64 9.71 -0.92
-1.38 9.66 -0.80
-1.06 9.76 -0.51
3.40 9.20 -1.63
0.97 9.73 -0.33
0.85 9.76 -0.29
1.53 9.92 -0.08
-2.98 10.33 1.05
-1.13 9.82 -0.12
-0.33 9.83 -0.38
2.55 9.88 0.84
1.73 9.81 -0.25
0.78 9.74 -1.62
2.41 9.73 -0.88
0.96 10.08 0.27
-0.68 9.76 -1.36
0.40 9.90 -0.72
2.06 10.02 0.60
3.01 9.74 1.11
3.49 9.76 0.56
1.59 9.84 -0.03
1.86 9.48 -0.82
0.98 9.34 -0.11
-1.28 9.82 -1.79
-0.67 9.56 -2.62
0.92 9.44 -0.94
-0.27 10.13 -1.37
-0.24 9.39 -0.63
0.85 9.97 0.08
0.67 9.85 -0.12
1.22 9.64 0.35
1.29 10.05 -0.18
1.00 9.55 -0.12
0.76 9.97 -0.23
0.53 9.75 -0.86
0.13 9.40 -1.37
0.11 9.95 -1.04
-0.10 9.49 -0.88
0.06 9.85 -1.12
0.12 9.65 -0.77
0.15 9.58 -0.77
0.36 10.04 -0.49
0.44 9.55 -0.36
0.59 9.85 -0.61
0.59 9.77 -0.15
