4.91 13.83 19.60
-0.35 8.78 -1.57
3.55 10.36 6.05
4.47 8.47 -12.10
-1.26 8.21 -12.32
-0.14 12.95 13.99
2.18 7.47 -10.61
4.82 9.56 3.69
2.24 10.08 3.56
4.58 9.67 -0.92
-0.25 9.27 -11.31
1.82 8.44 -12.24
-1.77 12.57 12.68
0.77 8.36 -4.95
2.17 9.80 2.89
7.09 10.33 5.58
0.01 9.10 -1.70
0.21 10.01 -3.59
-3.63 9.01 -7.50
-1.34 11.52 9.25
-3.03 9.25 -2.10
2.20 9.51 1.43
1.57 10.52 4.02
0.27 9.71 -0.14
-2.36 9.93 -2.02
-2.84 9.19 -5.58
-1.20 8.80 -8.49
0.90 9.04 -5.03
2.57 11.24 7.01
4.52 9.30 1.32
3.67 9.76 2.76
-6.55 9.76 -0.48
-1.40 9.82 -1.29
-3.43 10.17 -4.32
-4.94 9.11 -7.12
-0.59 10.87 5.02
6.05 8.74 -2.28
1.04 10.18 4.02
7.26 10.28 4.89
0.07 10.03 1.36
1.02 9.63 -1.28
-4.34 9.85 -3.26
-5.98 8.66 -11.88
-2.07 9.42 -7.32
-1.62 11.80 9.38
0.64 8.93 -1.33
1.10 9.68 3.12
8.04 9.27 2.01
2.49 9.47 -0.07
-1.54 10.74 0.00
-3.38 9.25 -6.70
0.04 9.82 -0.15
1.28 8.74 -3.74
2.54 10.53 5.82
0.86 10.10 3.59
1.30 9.59 0.42
-0.83 9.75 -1.76
-2.96 9.63 -2.47
2.01 9.05 -9.71
-4.51 9.93 -5.20
1.77 11.85 11.21
4.38 9.29 -0.13
5.41 9.21 2.60
2.04 10.53 5.59
4.40 9.63 -0.42
-5.94 10.69 -0.58
-2.48 9.41 -5.34
-0.82 8.92 -7.72
-2.62 8.84 -5.30
1.64 10.83 7.17
7.54 9.41 2.30
1.84 9.54 1.97
2.05 9.26 -0.23
-8.22 9.99 -2.88
-1.47 8.77 -10.33
-3.85 9.25 -7.16
-3.46 11.14 6.35
7.03 8.32 -2.48
0.01 9.82 2.73
4.12 10.77 6.83
0.67 10.21 2.25
-1.65 10.31 -0.82
-7.05 9.52 -5.44
-5.33 8.75 -11.74
-3.74 9.51 -7.38
2.60 11.42 9.40
3.80 8.79 -1.29
1.50 9.74 2.91
4.92 9.57 2.13
-2.53 9.39 -1.41
-1.74 9.55 -7.40
-3.00 9.33 -7.31
-3.95 9.87 -0.48
-3.58 9.21 -4.15
1.17 10.53 5.32
5.27 9.89 2.94
2.16 9.86 1.03
0.60 9.49 -2.05
-4.61 10.02 -3.83
0.23 8.54 -11.62
-2.18 9.03 -7.05
2.62 11.38 8.34
-0.07 9.39 -1.61
1.65 9.58 3.21
7.40 10.31 5.29
5.00 9.61 -0.05
-3.43 10.80 0.00
-4.58 8.96 -8.58
-1.30 10.29 0.50
-0.73 8.65 -4.70
3.49 10.99 6.45
5.54 9.32 -0.42
-2.68 9.93 2.33
-3.18 9.44 -0.56
-1.00 9.51 -2.98
-6.64 9.10 -10.12
-2.75 9.30 -8.43
3.37 11.56 9.43
3.76 8.85 -1.31
3.51 9.67 3.67
6.84 10.76 6.53
-0.04 9.80 0.19
0.33 9.99 0.11
-6.48 9.52 -5.47
-1.54 8.85 -6.46
-4.59 9.38 -6.45
5.56 11.07 8.87
0.14 9.36 0.19
2.83 9.29 1.66
5.88 9.68 4.43
-3.28 9.40 -0.11
1.42 9.45 -4.75
-3.46 9.30 -6.16
1.48 10.97 7.54
-1.06 9.21 -1.78
3.17 10.21 3.71
7.01 10.87 7.35
3.53 9.55 0.80
2.21 9.35 -1.38
-0.27 9.56 -3.35
-1.58 8.74 -11.80
0.80 8.87 -8.32
5.57 11.45 9.25
2.03 9.17 -0.67
4.25 9.07 2.60
-0.36 10.34 5.67
-3.91 9.81 -1.01
-0.82 10.46 0.58
-3.85 9.22 -6.95
-4.98 10.04 -2.21
-0.52 8.88 -4.49
1.77 10.60 4.61
1.12 9.89 2.87
3.81 9.31 0.94
-3.34 9.80 1.92
-6.11 9.56 -3.57
-2.20 9.12 -9.42
-3.56 9.55 -7.68
-0.44 11.45 8.00
4.23 8.81 -3.36
5.08 9.65 2.71
5.47 10.60 6.86
0.73 9.85 1.60
-0.38 10.15 0.48
-1.69 9.44 -4.41
-6.91 8.54 -9.49
-2.73 9.43 -6.84
-3.90 11.89 10.02
3.04 9.19 0.57
2.02 9.70 1.90
3.57 9.27 -0.96
0.63 9.51 -0.92
3.49 9.98 -2.09
-0.98 9.13 -6.84
-1.21 10.78 5.18
1.01 8.75 -4.17
3.77 10.31 5.11
0.49 10.16 3.39
2.65 9.67 0.65
-0.19 9.94 -0.87
-4.19 9.27 -4.19
-4.46 8.79 -12.82
0.28 9.09 -7.59
0.58 11.72 9.70
6.34 9.24 0.76
4.84 9.51 4.13
0.70 10.27 3.93
-2.33 10.25 0.59
-0.96 10.05 -1.34
-3.26 9.09 -7.31
-4.42 9.35 -6.21
-3.67 8.80 -7.35
5.52 10.36 4.89
3.04 9.81 1.60
3.44 9.64 1.42
1.18 9.82 0.29
-3.45 9.74 -4.54
-2.56 8.50 -11.66
-3.12 9.36 -8.10
-1.95 11.44 7.16
-0.02 8.76 -4.30
10.00 9.47 2.54
3.61 10.60 6.17
1.16 9.56 0.80
3.73 10.31 1.14
-10.26 9.54 -5.63
-7.02 8.74 -11.56
-1.00 9.30 -6.91
4.21 11.30 10.66
-3.15 9.13 -0.70
3.44 9.05 1.21
4.71 9.68 3.05
1.90 9.04 -3.09
3.39 9.31 -5.95
-0.84 9.32 -7.06
2.72 9.69 2.05
-2.52 9.19 -3.59
5.31 10.88 6.84
-2.34 10.58 4.30
6.80 9.64 -0.09
-0.95 9.72 -1.50
-1.11 8.95 -5.84
-5.97 8.95 -10.95
-1.97 9.17 -8.50
1.02 11.84 9.52
1.48 9.26 -2.40
8.13 8.98 1.86
4.39 10.58 7.03
-0.03 9.60 -0.47
1.75 10.12 -1.31
-0.31 8.85 -7.59
-4.23 10.34 0.35
-1.14 8.74 -6.30
3.56 10.82 7.82
6.05 9.36 2.28
5.06 9.42 2.50
0.91 9.47 -0.15
-4.19 10.03 -3.06
-1.45 8.92 -10.62
-1.97 9.57 -7.70
-3.45 11.17 5.35
4.07 8.47 -4.09
2.70 10.43 5.40
7.12 10.46 6.31
-0.69 9.40 0.02
-0.11 10.20 -0.66
-6.21 9.74 -4.71
-5.89 9.06 -6.51
-1.40 9.09 -6.16
-2.45 11.91 10.50
-0.92 8.73 -3.03
5.95 9.19 1.42
7.20 9.92 4.24
2.01 9.41 -1.65
-1.25 9.86 -6.34
1.32 9.24 -4.80
-5.51 11.18 7.91
-3.80 8.70 -7.23
-1.75 11.00 5.97
-0.50 10.02 3.04
2.25 9.59 0.74
-1.40 9.58 -1.26
-0.87 9.22 -5.80
-0.23 8.37 -12.35
-2.43 9.25 -7.40
1.42 11.57 9.12
-0.82 8.93 -2.90
6.72 9.86 5.29
3.94 10.39 5.72
1.84 9.80 -0.27
-1.56 10.32 -0.55
-4.38 8.95 -6.92
-6.28 9.68 -4.06
-3.38 8.37 -7.15
2.21 10.80 6.70
3.38 9.56 1.02
5.33 9.51 3.89
-4.38 9.63 1.21
0.63 9.35 -2.44
-3.47 9.54 -8.76
-0.68 9.35 -8.37
-3.86 12.02 9.05
8.33 8.81 -1.64
5.14 9.83 4.31
7.53 10.19 5.91
4.18 9.82 2.03
-3.23 10.09 0.08
-4.03 9.90 -3.55
-9.30 9.00 -9.11
-1.35 8.99 -8.03
-0.83 11.10 6.46
4.46 9.35 0.20
3.18 9.36 1.20
0.26 9.45 -1.27
0.34 9.70 -2.05
-0.22 10.56 0.79
-4.42 9.79 -2.43
-7.81 9.85 -1.86
-2.18 9.98 1.02
1.43 8.78 -3.20
5.65 9.70 0.09
3.98 9.47 -2.06
-0.12 9.80 -1.28
-1.99 9.91 -0.16
-3.26 9.99 -0.49
-1.75 9.93 -1.19
-4.09 9.92 -1.05
2.50 9.92 1.74
-0.03 9.97 0.22
0.69 10.01 -0.03
-3.54 9.83 -0.84
2.62 9.74 -0.15
0.44 9.48 -1.07
2.38 9.46 -1.00
1.21 9.67 -1.38
-1.78 9.50 -2.79
2.35 9.70 0.40
1.32 9.69 0.11
-2.77 10.35 1.34
3.04 9.71 0.11
4.32 9.87 1.00
-0.56 9.70 -1.33
0.06 9.72 -0.03
-2.03 10.07 0.18
0.85 9.49 -1.26
-0.63 9.71 -1.47
-1.56 9.76 -2.27
1.80 9.59 -0.72
2.15 9.47 -0.55
-0.31 9.78 -1.04
0.02 9.77 -0.96
2.46 9.84 -0.09
0.96 9.65 -0.76
1.80 9.65 -0.97
1.09 9.93 -2.20
-0.58 9.71 -1.89
-1.53 9.66 -2.01
-2.56 9.49 -2.77
3.08 9.45 -1.42
0.81 9.76 0.64
1.84 9.93 1.25
-1.89 10.03 0.84
-1.65 10.15 0.94
0.01 10.22 1.58
-1.58 9.89 -1.10
1.97 10.21 1.78
-0.32 9.71 -0.64
-1.74 10.09 -0.06
2.63 9.27 -3.30
2.38 9.17 -4.47
0.25 9.69 -0.98
3.59 9.85 1.31
-0.83 9.50 -2.16
-1.67 9.47 -1.97
5.38 9.42 -0.69
0.10 9.84 0.17
1.54 9.96 1.36
1.32 9.85 -1.18
2.56 9.88 -0.51
-1.90 9.58 -2.62
-2.25 9.74 -0.89
1.45 10.19 0.94
0.89 10.03 0.75
-0.52 9.95 0.65
-1.07 10.01 0.26
0.50 10.04 0.21
2.68 9.71 -0.30
-1.38 9.85 -1.01
1.42 9.80 0.74
0.85 9.84 0.25
-1.34 9.72 -1.55
4.27 9.91 0.39
-6.06 10.07 -1.27
6.50 9.70 0.80
-3.57 10.07 -0.63
1.91 9.77 -0.09
-0.47 9.75 -0.97
0.78 10.01 1.35
-3.33 9.50 -3.43
2.94 9.71 -0.50
0.42 9.59 -2.13
-1.49 9.21 -3.51
-0.31 9.17 -3.59
-0.11 9.42 -1.58
-0.48 9.32 -1.89
4.05 9.47 -1.70
-4.27 9.94 -1.28
2.67 9.66 -1.41
0.97 9.63 -1.51
0.58 9.53 -1.48
-0.75 9.75 -1.62
2.23 9.69 -1.05
-0.68 9.74 -0.38
3.00 9.55 -0.84
-0.23 9.54 -1.10
-0.70 9.65 -1.89
1.56 9.66 -1.13
0.27 9.69 -2.00
-0.28 9.83 -1.30
-1.59 9.93 -0.60
1.61 9.63 -0.06
-1.13 9.78 -0.33
0.91 9.33 -0.81
-1.84 10.04 0.39
-3.07 9.95 0.08
-1.69 9.76 -0.74
-3.13 9.99 -1.82
-1.81 9.95 -1.04
6.82 10.17 2.54
0.11 9.98 1.41
7.15 9.22 -1.33
1.91 9.89 0.14
-0.11 10.07 -0.49
5.28 9.86 -0.65
1.22 9.60 -1.17
1.21 9.95 -0.13
1.38 9.73 0.05
2.41 9.77 0.14
3.09 9.92 0.71
1.44 9.69 -0.11
-0.05 10.08 0.36
0.96 10.01 -0.14
-0.08 9.79 -0.49
-0.61 10.13 0.13
-1.93 9.95 -0.37
-1.38 9.77 -0.48
2.43 9.76 0.05
0.72 9.71 -0.44
1.04 9.50 -0.69
0.83 9.93 0.01
-0.94 9.98 0.20
0.82 9.99 1.45
-1.85 9.73 -0.25
2.33 9.89 0.93
1.33 9.71 0.26
3.73 9.60 0.08
-0.27 9.91 -0.17
2.29 9.73 -0.28
2.41 9.57 -1.23
-0.16 9.38 -2.29
-0.45 9.56 -2.94
-0.11 9.52 -3.45
0.29 9.45 -3.20
-1.72 9.52 -2.32
-2.32 9.85 -0.57
-2.41 9.57 -1.99
4.40 9.34 -0.92
3.90 9.72 0.47
-0.72 9.81 -0.33
-1.08 9.89 -0.76
0.84 9.77 -0.17
2.72 9.54 -0.57
-2.74 10.16 0.67
-2.79 9.59 -1.31
-0.32 9.60 -1.92
-6.15 10.29 -0.17
0.05 9.50 -1.83
0.68 9.80 -0.53
1.64 9.89 0.62
0.86 9.95 1.08
-0.71 10.07 0.51
-1.30 10.34 2.13
0.83 9.74 0.75
1.83 9.81 -0.07
0.69 9.61 -1.23
-0.41 9.70 -0.89
0.20 9.55 -1.06
-2.32 9.88 -0.14
-2.59 9.65 -2.09
2.86 9.54 -0.60
2.52 9.32 -1.61
2.02 9.49 -1.21
-2.17 9.57 -2.19
0.87 9.95 -0.35
-1.72 9.67 -1.67
-0.79 9.90 -1.31
-2.12 9.93 -2.16
-0.77 9.77 -1.44
3.31 9.33 -1.52
1.90 10.02 -1.10
0.15 9.24 -1.50
1.49 10.24 -0.48
0.88 9.59 0.71
2.00 9.73 -0.01
1.24 9.97 -0.22
0.26 9.52 -0.19
0.46 10.16 -0.87
-0.28 9.59 -0.59
-0.21 9.80 -1.06
-0.18 9.81 -1.24
-0.27 9.44 -0.58
-0.04 10.00 -1.18
0.04 9.44 -0.78
0.52 9.84 -0.32
0.59 9.82 -0.41
0.73 9.58 -0.31
0.76 10.07 -0.44
0.68 9.54 -0.22
0.66 9.88 -0.42
0.63 9.73 -0.58
0.39 9.60 -0.70
0.44 9.92 -0.82
0.25 9.58 -0.71
0.28 9.81 -1.07
0.23 9.74 -0.64
0.22 9.69 -0.59
0.30 9.90 -0.81
