3.50 10.14 2.24
-3.13 9.94 4.29
-0.26 9.09 -0.02
-5.67 9.57 -6.82
-2.41 7.76 -13.99
-3.42 11.26 4.98
-0.11 10.51 4.27
1.50 9.92 3.70
0.79 10.95 1.63
1.05 8.28 -6.25
0.97 10.60 1.51
-4.32 8.34 -9.33
2.09 10.16 2.01
3.02 10.66 5.69
2.33 9.41 0.78
4.14 10.90 4.40
-3.34 8.65 -7.15
-4.21 9.67 -4.66
-3.41 9.76 -4.34
-0.43 10.65 4.42
1.01 9.54 1.94
1.29 9.77 1.65
-3.41 9.27 -2.99
-0.61 9.13 -5.19
0.29 9.44 -7.89
1.93 9.32 -4.52
0.95 10.96 6.64
2.24 9.31 -0.42
1.95 9.81 1.79
2.62 10.05 3.11
-2.93 10.10 -0.55
2.84 10.33 0.17
-3.99 8.84 -6.74
-0.30 10.47 3.01
0.26 9.16 -3.95
4.23 10.41 5.02
3.08 9.50 2.04
3.13 9.43 1.40
-1.90 9.30 -1.10
-1.80 9.33 -2.99
-3.81 9.39 -8.96
-2.91 9.60 -6.71
2.17 11.20 7.49
0.12 9.36 -1.03
5.00 9.66 1.62
6.67 10.26 4.78
4.47 9.77 1.39
-0.20 10.43 0.74
-2.53 9.11 -4.76
-6.19 10.01 -0.94
-0.12 9.24 -3.07
0.87 9.99 2.34
-0.90 8.93 -2.66
5.37 9.57 1.90
0.28 9.09 -0.80
1.87 9.44 -1.45
1.42 9.44 -7.28
4.19 8.96 -7.26
0.23 11.14 5.99
3.05 9.44 -0.04
0.98 9.42 1.51
4.21 10.57 6.39
-1.93 9.86 0.14
-0.75 9.64 -2.14
-5.49 9.19 -6.66
-0.33 8.98 -8.18
-1.75 9.55 -3.49
1.88 10.50 3.70
6.31 9.70 2.07
1.44 9.85 1.38
-8.71 9.71 -1.27
-0.98 9.76 -0.10
-1.10 10.36 -1.13
-4.99 8.89 -7.03
-5.26 10.84 3.86
-1.16 9.25 -2.71
3.52 9.83 2.51
6.59 10.43 4.79
1.42 9.97 0.97
-1.66 10.49 0.98
-0.06 9.50 -3.66
-2.96 9.11 -9.10
0.13 9.82 -4.61
-0.67 11.44 8.18
1.24 9.26 -0.19
3.68 9.42 2.30
1.69 9.51 1.72
-0.89 9.42 -0.83
1.73 9.96 -2.98
-3.40 8.76 -6.45
-4.13 9.98 0.40
-0.62 9.24 -3.53
2.41 10.38 3.29
2.50 9.75 1.46
4.09 9.71 1.39
-0.92 9.20 -2.90
-2.83 9.21 -4.66
-4.88 9.05 -9.68
-0.31 9.38 -5.81
-0.91 11.39 6.99
1.12 9.53 -0.65
1.69 9.77 2.06
5.08 10.55 6.00
3.23 9.34 -1.11
-2.01 10.84 2.43
-1.95 8.76 -6.20
-1.69 9.93 -1.03
1.90 8.71 -4.74
1.37 10.37 4.87
3.35 9.22 -0.26
5.34 9.61 3.14
-1.15 9.20 -0.94
-5.21 9.81 -2.30
-1.43 9.63 -6.47
-3.96 9.77 -6.11
-1.72 10.83 5.24
5.03 8.98 -1.10
3.70 9.84 2.12
3.01 10.14 3.04
1.36 10.10 2.11
-3.14 10.05 -1.37
-1.27 9.20 -5.11
-6.17 9.30 -7.70
-0.11 9.52 -4.17
-0.46 11.36 7.21
3.27 9.41 -0.23
1.25 9.49 0.94
5.37 9.83 3.33
1.83 9.26 -1.12
-0.14 10.52 -0.81
0.71 8.72 -6.35
-1.46 10.55 3.95
0.49 9.50 -1.57
1.86 10.27 4.36
1.46 9.72 0.54
5.72 9.69 1.74
4.57 8.70 -2.94
-3.18 9.47 -4.02
-0.94 9.02 -9.41
0.98 9.43 -5.06
-2.22 11.43 6.49
0.66 9.64 -0.33
1.36 9.66 2.83
0.20 10.20 3.86
-2.25 9.95 -0.23
-1.18 9.79 -0.30
-0.04 8.87 -4.38
0.34 9.38 -4.21
-1.11 9.21 -4.40
4.22 10.53 4.73
1.56 9.52 0.87
0.50 9.26 -0.26
-3.28 9.10 -2.57
-3.52 9.76 -0.97
-3.50 10.32 -1.98
-4.88 8.73 -9.09
0.95 10.61 4.77
0.84 9.37 -1.08
4.20 9.76 1.79
3.34 10.58 4.56
6.64 9.72 1.41
-3.34 10.54 0.28
0.97 9.40 -1.86
-5.66 9.16 -8.88
-1.58 9.30 -7.84
1.29 11.27 7.24
-1.30 8.90 -3.32
1.77 9.74 1.49
5.01 9.60 2.55
0.72 9.32 -1.97
-1.29 10.17 -2.93
-1.18 9.07 -4.68
0.40 9.85 0.68
-0.68 9.46 -2.32
3.47 10.51 4.24
1.40 9.87 1.28
0.66 10.27 1.67
-3.19 9.44 -2.72
-5.68 9.46 -3.31
-0.57 9.60 -6.90
-1.81 9.58 -5.28
1.16 11.09 6.23
2.04 9.07 -2.00
5.35 9.53 3.31
1.68 10.71 5.96
3.08 9.88 0.31
3.10 10.54 1.97
-6.22 9.27 -5.49
0.49 9.75 -2.64
0.10 9.28 -5.71
1.66 10.71 4.93
0.05 9.59 0.72
5.57 9.31 2.81
-0.71 9.85 2.00
1.22 9.44 -0.77
2.90 9.85 -4.65
-1.83 9.35 -7.52
2.51 11.09 6.23
4.02 8.90 -3.51
-0.94 9.75 1.40
2.13 10.30 3.82
4.91 9.45 0.91
1.74 9.93 -1.55
-4.65 9.38 -5.46
-4.02 8.92 -8.35
-2.36 9.57 -6.57
2.88 10.87 7.63
1.18 9.09 -0.91
0.84 9.83 2.21
5.08 9.83 4.64
-0.96 9.43 -1.91
0.61 10.31 0.42
-2.77 8.64 -6.88
-2.24 10.29 1.37
-4.03 9.66 -1.84
3.79 9.90 4.00
0.70 10.24 3.23
4.30 9.64 3.75
5.66 8.67 -1.50
-1.74 9.02 -4.66
1.77 9.12 -8.96
-1.90 9.36 -7.03
2.12 11.22 6.70
1.55 9.01 -3.13
6.36 9.65 2.86
7.43 10.09 4.93
2.09 9.38 -0.08
0.63 10.24 0.40
-4.54 9.23 -4.85
-0.87 9.34 -6.08
-1.42 9.29 -4.40
2.65 10.37 4.04
1.85 9.54 0.62
2.91 9.45 1.64
-2.57 9.36 -0.61
-1.46 9.97 0.93
-1.58 10.17 -1.62
-4.94 8.94 -7.17
-0.33 10.61 4.16
-2.69 9.30 -3.01
6.57 9.83 3.78
2.71 10.45 5.25
8.60 9.76 4.43
-4.94 10.17 -0.39
2.29 9.29 -4.05
-4.18 9.22 -9.25
-2.26 9.42 -9.05
-1.95 11.33 6.28
4.14 8.86 -2.14
3.52 10.06 4.15
3.38 9.80 3.99
0.85 9.37 0.39
3.63 10.32 1.66
-3.25 8.85 -6.11
-3.61 9.59 -3.87
2.11 9.32 -3.22
1.44 10.90 6.10
-5.17 9.93 1.56
5.52 9.57 3.20
-3.00 9.15 -3.04
-1.74 8.86 -6.40
-0.56 9.23 -9.24
2.29 8.97 -6.39
1.81 11.28 7.74
-0.06 9.88 -0.57
2.40 10.05 2.90
7.32 10.79 5.86
-3.27 10.13 0.74
1.62 10.06 1.43
-0.43 8.74 -7.03
-2.85 8.84 -10.18
-1.31 9.44 -5.84
0.91 11.21 7.46
1.02 9.21 -1.15
2.82 9.54 2.34
1.18 9.76 1.54
-1.57 9.69 -2.00
0.32 10.24 -2.40
-4.00 9.33 -7.11
-0.93 10.17 -0.84
0.13 9.42 -1.97
-0.19 10.22 2.37
4.52 9.50 1.60
4.28 9.87 2.10
-2.35 9.90 0.11
-1.40 9.67 -2.51
-2.73 9.00 -8.44
1.55 9.72 -5.47
-0.67 10.94 5.47
4.04 9.13 -1.48
5.55 9.77 3.08
5.15 9.64 2.10
3.79 9.25 -1.41
-2.88 10.59 0.36
-0.98 9.84 -2.65
-3.60 10.14 -1.02
-0.34 9.63 -0.28
1.98 9.49 -0.41
-0.68 9.62 -0.76
3.56 9.82 0.51
0.37 9.67 -0.58
0.77 9.99 -0.89
-5.53 9.88 -1.81
0.43 10.05 0.31
-2.23 9.33 -3.76
5.43 9.56 -0.62
1.64 9.63 -0.06
4.25 9.64 -0.16
-2.69 9.44 -1.75
1.88 9.26 -1.94
6.64 9.32 -1.02
-0.64 9.82 -0.89
6.19 9.40 -2.16
-0.24 9.67 -1.92
2.10 9.90 1.15
-1.45 9.82 0.70
1.06 9.89 -0.45
-1.43 9.85 -0.40
1.06 9.80 -1.63
1.72 9.96 -0.45
-0.85 9.23 -2.90
3.40 9.36 -1.30
3.86 9.52 0.22
-0.03 9.49 0.34
2.45 10.07 2.01
-1.06 9.99 -0.11
1.48 10.16 1.57
-1.69 10.25 -0.33
-1.34 9.83 -1.75
-0.09 9.55 -2.76
1.47 9.55 -1.76
4.46 9.19 -1.22
0.61 9.56 -0.24
1.58 9.57 -0.44
1.10 9.54 -0.84
0.34 9.91 0.05
-1.68 10.18 0.64
1.84 10.13 1.51
0.94 10.16 0.66
-0.09 9.84 -0.62
1.09 9.68 -0.18
-2.09 10.04 -0.38
2.67 9.87 1.12
1.84 9.55 -0.45
-0.53 9.95 -0.60
-0.14 9.82 -0.75
-2.15 9.82 -0.62
2.01 9.31 -2.11
-0.84 9.55 -0.77
1.93 9.45 -1.20
3.18 9.31 -1.85
1.71 9.40 -1.29
5.62 9.17 -1.94
-0.93 9.94 -0.82
0.58 9.88 -0.06
3.95 9.97 1.34
-1.58 9.66 -0.86
1.96 9.55 -0.14
-3.79 9.78 -1.76
0.18 9.62 -0.64
3.08 9.39 -0.87
-1.66 9.57 -2.00
-0.97 9.54 -1.53
3.98 9.60 0.43
-0.15 9.68 -0.04
1.32 9.68 -0.36
-2.39 9.71 -1.55
-3.53 9.92 -1.14
-0.36 9.54 -1.26
0.88 9.73 -0.23
1.59 9.66 -0.18
-0.40 9.34 -1.68
3.85 9.77 0.18
2.19 9.46 -1.72
0.07 10.09 0.29
1.05 10.07 0.86
4.40 9.99 1.45
2.99 9.67 -0.28
1.82 10.12 1.50
0.93 10.10 2.34
-1.89 10.21 1.88
3.57 9.77 0.47
0.38 9.69 0.27
2.48 9.57 -0.70
0.51 9.83 -0.74
0.06 9.95 -0.45
-1.16 10.02 -0.66
-0.33 9.88 -0.25
2.35 9.80 -0.11
-0.42 10.35 1.57
6.21 9.71 1.28
0.68 9.86 0.20
6.43 9.69 0.55
0.57 10.04 1.07
-0.92 9.86 0.21
0.29 9.81 -0.01
-2.34 9.77 -0.77
0.66 9.94 -0.40
-2.10 9.81 -1.12
1.68 9.55 -1.86
3.14 9.81 -0.02
2.18 9.38 -1.57
0.00 9.29 -2.86
1.28 9.62 -0.95
1.87 9.49 -0.35
-2.29 9.69 -1.29
-2.75 9.49 -2.90
2.96 9.46 -2.15
-0.07 9.62 -1.53
-0.50 9.97 0.24
-0.16 9.90 0.17
0.78 9.96 1.79
3.56 9.85 1.44
-0.30 9.71 0.36
0.27 9.73 -0.66
-0.29 9.81 -1.67
-3.35 9.69 -1.70
-0.51 9.51 -1.45
-1.52 9.70 -1.27
-0.57 9.69 -0.46
-0.07 9.61 -1.81
1.83 9.59 -0.56
0.81 10.08 0.11
-2.91 9.81 -1.76
1.17 9.95 0.40
-0.85 9.85 0.67
-0.31 9.44 -1.55
5.46 9.17 -1.33
-2.04 9.97 -1.06
1.90 9.74 0.64
-0.67 9.54 -1.33
2.87 9.82 1.01
0.85 9.59 -0.29
-0.35 9.78 -0.09
3.57 9.58 0.14
1.98 9.37 -0.44
1.37 9.86 1.22
-3.40 9.66 -1.02
-3.34 9.91 -0.78
-0.03 9.59 -1.76
3.04 9.51 -1.23
1.23 9.77 -0.05
-3.46 9.79 -1.84
-1.86 9.60 -0.29
2.68 9.92 1.18
0.76 9.11 -2.83
-0.18 10.21 0.27
0.36 9.59 -1.05
0.50 9.54 -1.35
-2.23 9.76 -1.55
0.79 9.29 -2.33
-0.70 9.95 -0.55
0.92 10.13 2.13
-1.94 9.83 0.16
0.57 9.90 0.38
1.23 9.77 0.54
0.20 9.77 -0.48
0.44 9.47 -2.33
3.36 9.92 1.79
-0.01 10.03 1.57
-1.71 9.63 0.05
2.98 9.78 0.35
2.59 9.51 -1.11
3.90 9.85 0.63
1.67 9.76 -0.16
-1.95 9.85 -1.13
-0.07 9.53 -2.07
0.90 9.71 -0.40
-1.34 9.53 -2.55
0.06 9.41 -2.00
-0.31 10.01 0.93
-0.85 9.69 -2.44
-0.57 9.50 -2.03
2.96 9.97 0.46
-2.26 9.84 -1.37
-1.18 9.60 -1.56
-0.94 9.78 -0.55
-0.53 10.75 0.17
-1.68 9.45 -1.16
-0.95 9.98 -0.53
0.17 10.10 -0.34
-0.39 9.43 -0.45
0.46 10.13 -0.22
0.35 9.60 -0.57
0.56 9.69 -0.81
0.33 9.85 -0.77
0.45 9.47 -0.77
0.45 9.91 -0.77
0.50 9.52 -0.59
0.36 9.68 -0.86
0.59 9.88 -0.56
0.38 9.62 -0.28
0.43 9.94 -0.72
0.41 9.69 -0.36
0.46 9.71 -0.47
0.34 9.84 -0.71
0.41 9.54 -0.67
0.31 9.92 -0.83
0.37 9.62 -0.50
0.33 9.78 -0.61
0.35 9.78 -0.65
0.22 9.61 -0.72
0.46 9.86 -0.66
0.30 9.62 -0.63
0.46 9.82 -0.70
0.30 9.76 -0.69
0.39 9.70 -0.56
