-2.32 8.38 -13.35
-3.05 8.22 -13.92
-1.57 11.69 6.40
-4.77 9.68 -0.58
1.15 9.58 2.82
-0.61 9.92 1.51
0.50 8.44 -4.85
2.29 10.20 -0.91
0.92 8.79 -9.52
-0.32 10.95 3.53
-0.56 9.71 1.36
1.72 9.07 0.73
-2.74 9.89 -1.09
-1.41 9.49 -3.83
-6.31 9.62 -5.99
2.14 9.68 -3.15
-0.11 10.49 4.53
1.74 9.31 -1.09
0.87 9.44 -0.46
4.50 9.78 1.99
2.01 9.51 -0.75
-1.27 10.50 -0.22
-2.17 9.28 -4.44
1.19 10.04 2.42
-2.48 9.36 -1.69
3.13 9.63 -0.41
1.42 10.56 3.27
3.88 9.80 2.42
3.65 9.08 -0.83
-1.24 9.59 -2.47
3.14 9.04 -7.05
-0.31 9.47 -4.68
1.31 10.84 3.58
2.93 9.40 -0.29
4.14 9.82 2.64
-1.23 10.22 2.98
-2.13 10.11 0.10
1.77 10.22 1.29
-5.91 9.53 -4.42
-0.61 9.50 -4.10
-1.11 9.28 -4.25
5.10 9.78 1.86
3.35 9.36 1.55
5.26 9.60 1.79
-3.71 9.46 -1.88
0.39 9.25 -4.69
1.60 10.32 -0.65
-4.38 9.15 -5.31
-1.36 10.31 3.64
-1.54 9.65 -1.60
4.77 9.81 1.82
-1.16 10.47 3.54
3.24 9.79 2.00
0.34 10.05 0.61
-1.64 9.62 -2.48
0.59 8.78 -8.11
-4.69 9.97 -5.30
-3.02 10.69 4.28
3.97 9.11 0.21
4.06 9.49 1.96
3.47 9.78 2.35
-0.89 9.49 -1.01
0.58 10.36 -0.41
2.14 8.77 -5.69
-4.42 9.71 -4.23
-2.13 9.78 -2.21
-0.29 10.36 3.55
3.01 9.37 -0.04
1.33 9.64 2.86
4.35 9.05 -1.82
-3.21 9.70 -2.57
-1.17 9.29 -7.40
0.37 9.32 -6.72
-1.60 10.91 4.87
0.60 9.41 -2.20
3.21 10.24 2.92
2.32 10.04 1.91
-0.86 9.60 -1.86
0.58 9.77 -1.12
-1.11 9.07 -5.21
1.34 9.25 -6.61
-3.41 9.54 -4.40
1.39 10.73 4.86
-1.27 9.42 -1.98
6.54 9.16 1.73
5.36 10.07 4.79
-2.56 9.70 -1.22
2.79 10.45 1.75
-2.63 8.96 -7.04
-1.15 10.14 -0.17
0.35 9.42 -4.18
4.14 10.16 3.81
0.37 9.67 -0.06
2.55 9.32 -0.13
2.76 9.33 -1.07
1.02 9.58 -2.54
-2.61 9.96 -5.37
0.79 9.52 -5.21
-0.52 11.05 5.52
-1.69 9.49 -1.85
-1.04 10.01 0.65
2.75 10.02 2.28
3.40 9.35 0.62
-2.55 9.89 -0.98
0.32 9.45 -4.10
1.37 9.18 -6.79
0.72 9.63 -4.19
-1.46 10.98 7.04
0.59 9.20 -0.43
6.76 9.31 0.47
3.40 10.70 5.50
3.24 9.63 0.46
0.80 10.79 2.38
-3.69 8.89 -6.26
-0.82 9.45 -2.51
-3.25 9.13 -4.44
4.56 10.35 4.22
0.02 10.07 2.87
0.47 9.49 0.71
-5.60 9.79 0.21
2.20 9.06 -2.72
-2.98 10.40 -3.30
-2.17 9.49 -5.22
1.21 10.79 4.58
4.82 9.19 -1.20
3.64 10.18 2.65
1.32 10.03 2.07
10.15 9.54 2.61
-2.52 9.20 -3.16
0.96 9.29 -3.80
-3.75 9.24 -8.89
5.97 9.08 -6.92
-2.17 11.63 6.50
3.28 9.62 1.79
-3.08 9.08 -1.54
0.15 10.66 3.61
4.41 9.93 1.69
-2.97 10.13 -0.69
1.00 9.06 -4.60
-3.49 9.17 -5.72
1.21 9.45 -3.39
3.50 10.71 6.04
0.91 9.32 -0.74
5.35 9.60 1.68
3.71 9.63 1.98
0.30 9.68 -0.54
-2.03 10.80 0.69
0.03 8.56 -7.50
-0.25 10.36 1.38
-2.77 9.05 -4.16
-1.21 10.16 1.52
2.99 9.83 1.19
4.52 9.57 0.86
1.50 9.78 -0.90
-2.18 9.68 -1.18
-0.90 9.46 -3.92
-2.87 9.61 -6.04
0.54 10.96 6.61
1.64 9.08 -1.61
1.38 9.94 2.12
4.23 10.16 4.62
0.27 9.55 -0.73
-1.05 10.12 0.20
2.78 9.12 -4.69
-5.63 9.26 -8.06
-4.25 9.47 -7.17
-0.44 10.92 5.28
1.07 9.38 0.21
4.35 9.50 1.91
6.06 9.57 1.06
-0.33 9.14 -3.06
0.83 10.01 -3.48
0.38 8.44 -7.03
-1.01 9.87 -0.86
1.48 9.29 -1.98
3.23 10.25 4.00
-1.63 9.86 1.71
3.18 9.81 2.83
-4.93 9.12 -3.50
-2.49 9.33 -5.66
-1.00 9.63 -9.10
-4.53 9.46 -6.44
2.23 10.65 4.29
0.92 9.47 -1.13
4.85 9.83 1.46
3.42 10.83 6.50
6.92 9.62 1.69
-0.04 10.47 -0.45
0.64 8.94 -5.79
-1.27 9.53 -4.78
-5.19 9.61 -4.44
-0.43 11.07 5.33
1.72 9.57 -0.24
1.56 9.22 1.80
-1.20 10.16 4.20
4.26 9.48 -0.48
-2.56 10.65 0.73
-0.02 8.93 -5.80
-0.73 10.50 2.51
5.92 8.90 -1.84
3.94 10.45 4.66
-1.09 9.82 1.39
4.80 9.61 1.80
0.49 9.18 -1.57
-0.23 9.35 -3.54
-2.34 9.38 -6.67
-1.79 9.60 -6.46
-2.92 11.19 5.84
4.09 9.43 -0.33
6.56 9.95 3.00
2.92 10.07 2.25
2.67 9.94 0.33
2.31 9.88 -0.44
0.06 9.59 -3.24
-2.42 9.10 -7.16
2.85 9.32 -4.33
-3.21 11.13 6.68
4.91 9.11 0.64
0.28 9.93 1.34
3.58 10.00 3.05
-0.41 9.60 -0.29
1.83 10.59 1.13
-3.90 8.93 -4.63
-1.45 9.40 -1.79
-0.99 9.21 -3.24
2.77 10.00 2.86
-1.97 10.02 2.01
-1.08 10.04 2.37
6.18 9.56 2.11
-0.85 9.29 -4.11
-0.61 10.06 -4.58
0.30 9.43 -5.23
1.97 10.87 4.97
-1.73 9.46 -2.70
0.23 9.78 0.82
0.73 10.18 3.97
2.21 9.50 0.78
-2.10 9.26 -4.27
0.41 9.45 -3.22
-6.33 9.20 -8.09
2.49 9.60 -3.16
0.67 10.63 4.39
3.50 9.37 0.23
0.73 9.41 0.62
2.62 9.82 3.16
3.58 9.86 0.75
3.54 10.28 1.84
-0.86 9.09 -4.76
-2.62 9.48 -5.11
-0.71 9.31 -4.23
-1.07 10.37 3.98
1.14 9.64 0.68
4.56 9.83 3.19
-0.97 9.04 -1.91
-2.94 9.80 -0.25
-3.84 10.41 -0.52
-0.19 8.97 -6.50
0.32 10.26 2.92
1.15 9.28 -1.68
0.33 10.03 1.67
7.51 10.00 3.40
5.25 10.04 1.28
-4.71 9.21 -1.21
0.62 9.48 -3.67
-4.23 9.49 -8.72
1.45 9.81 -5.07
-1.26 10.93 5.66
-0.74 9.38 -0.20
0.43 9.86 0.73
7.70 10.56 6.15
3.96 9.49 -0.01
-1.53 10.58 1.11
0.85 9.48 -2.27
-1.90 9.08 -7.10
-2.39 9.89 -4.47
0.02 10.63 4.75
0.60 9.09 -1.50
5.47 9.61 2.26
6.54 9.57 1.59
-2.84 9.39 -2.63
-3.73 10.05 -3.91
-3.30 9.05 -5.74
-2.45 10.10 0.14
-1.57 9.29 -2.83
2.43 10.03 2.30
5.34 9.58 1.55
0.78 10.00 1.83
0.24 9.42 -1.98
-2.61 9.33 -4.23
-1.21 10.07 -1.06
-1.03 10.05 -2.32
-1.25 9.82 -2.01
5.77 9.40 -1.60
3.92 9.44 0.63
1.56 9.71 2.13
2.39 9.44 0.01
0.26 10.05 -0.92
0.70 9.64 -2.48
1.28 9.68 -0.83
-1.42 9.74 -1.79
0.92 9.48 0.02
-0.30 10.11 2.09
3.01 9.51 1.06
4.07 9.71 1.88
-0.33 9.89 0.37
-1.61 9.81 -0.72
-2.97 9.86 -0.81
-0.17 9.44 -3.70
1.47 9.47 -1.99
3.13 9.01 -2.17
-2.13 9.69 -0.56
1.64 9.72 0.51
1.84 9.58 0.22
2.37 10.20 2.29
-4.21 10.01 -0.99
-0.93 9.81 -0.31
0.91 9.60 -2.97
-0.59 10.26 -0.18
0.92 9.47 -1.10
4.13 9.68 0.57
3.36 9.58 0.69
-0.64 9.94 0.50
3.26 9.64 -0.12
-0.08 10.09 0.80
-1.19 9.96 -0.20
-0.54 10.00 0.56
-2.87 9.23 -3.64
-2.59 9.82 -1.80
-1.96 9.42 -3.68
-2.51 9.54 -1.80
5.54 9.44 0.02
-1.37 9.42 -2.30
-4.12 10.03 -0.87
5.24 9.59 -0.04
2.77 10.08 1.08
-3.04 10.44 1.65
-2.99 10.42 2.38
-0.79 10.31 1.37
2.69 10.07 2.15
-1.35 9.71 -1.07
1.50 9.29 -1.85
0.89 9.13 -3.52
-0.55 9.59 -2.76
2.72 9.41 -1.81
0.09 9.35 -2.77
0.13 9.83 -0.05
3.93 9.40 -1.29
-0.23 9.70 -1.39
2.07 9.95 0.48
1.97 9.86 0.63
-0.91 10.05 0.32
0.78 9.87 0.43
-3.03 10.06 0.77
3.05 10.00 0.36
2.12 9.81 0.59
-1.54 9.50 -1.16
1.35 9.40 -1.22
0.24 9.44 -1.87
-4.45 9.56 -3.26
4.22 9.81 -0.67
-1.98 9.46 -2.80
0.96 9.72 -1.32
-0.34 9.95 -0.81
1.82 10.03 0.87
-0.27 9.79 -1.32
0.26 9.58 -0.91
-2.39 9.98 0.94
4.52 9.53 -0.10
-5.87 10.09 -1.20
1.94 10.05 -0.11
-2.62 9.86 -2.07
5.77 9.86 1.04
-3.75 9.66 -2.61
-5.75 9.85 -0.83
3.31 9.63 0.41
-2.12 9.79 -0.87
-2.30 9.92 -0.50
-1.17 9.42 -2.62
0.67 9.62 -0.44
-3.69 9.51 -1.60
2.53 9.47 -0.88
-0.59 9.52 -2.99
0.52 9.31 -2.73
-0.45 10.34 1.82
2.04 9.61 0.08
2.52 9.52 0.52
-0.28 9.99 1.59
2.28 9.71 0.40
3.89 9.63 0.35
-2.18 9.66 -1.72
1.18 9.72 -1.23
-2.25 9.57 -2.07
0.12 9.76 -0.63
1.34 9.72 0.35
2.90 9.52 0.00
3.11 9.97 1.79
-1.52 9.99 0.83
5.20 9.88 1.18
1.06 10.38 1.84
1.67 9.93 0.23
0.40 9.85 -0.04
-0.78 10.10 0.71
-1.03 9.91 -0.07
-1.41 10.04 -0.01
0.38 9.33 -2.74
1.44 9.55 -2.20
2.01 9.54 -0.76
-1.25 10.07 -0.29
0.61 9.53 -1.82
3.62 9.05 -2.32
-4.04 10.22 -1.68
6.31 9.61 -0.05
-1.49 9.57 -1.43
-0.07 9.95 -1.25
-0.66 9.77 -0.43
-1.92 9.72 -1.43
-0.75 9.63 -1.43
-1.27 9.69 -1.04
3.65 9.72 0.16
-0.97 9.56 0.12
1.70 9.65 0.56
-0.39 9.74 -0.23
-0.21 10.07 1.03
-2.96 9.83 -0.62
1.16 10.01 0.27
-1.54 9.74 0.23
1.64 9.79 0.07
0.34 9.64 -1.02
-2.39 9.91 -0.38
-1.00 9.79 -0.69
-3.44 9.61 -1.71
4.11 9.59 -0.60
2.28 9.51 -0.33
3.42 9.45 0.56
2.89 9.48 -0.20
0.91 9.40 -1.90
2.58 9.99 -0.46
2.61 9.47 -1.35
-1.72 9.29 -4.44
-1.74 10.13 -1.61
-2.34 9.92 -0.88
0.26 9.82 -0.01
-0.84 9.77 -0.55
-0.37 9.53 -1.10
-1.78 10.26 -0.48
1.51 9.53 -1.27
2.27 9.89 0.73
1.76 10.10 -0.19
1.75 9.44 -1.26
2.35 9.67 -0.28
3.34 9.70 -0.16
-2.12 9.47 -3.13
-0.45 9.67 -0.61
2.12 9.60 -0.71
-3.32 10.09 0.63
-0.39 9.89 0.06
2.79 9.93 -0.11
1.22 9.42 -0.90
-1.84 9.76 -0.47
-2.09 9.73 0.69
0.32 9.46 -0.47
3.65 9.81 0.16
2.33 9.48 0.17
1.16 9.88 1.27
-5.30 10.03 -0.22
0.49 9.37 -0.60
2.22 9.77 -1.13
-1.69 9.38 -2.93
-0.87 9.72 -2.01
3.08 9.48 -1.33
