-0.79 10.58 3.42
3.58 9.79 3.44
2.46 9.00 -1.30
9.84 9.85 -2.15
1.67 7.15 -13.55
-3.52 10.96 2.73
1.88 9.99 3.50
-0.91 9.94 3.17
0.53 11.22 3.49
-2.45 8.46 -6.81
-0.53 10.66 3.46
-0.57 8.86 -5.55
-1.23 10.09 1.31
4.49 10.33 5.08
0.38 9.45 0.93
1.04 9.52 -0.96
-3.77 9.22 -5.54
2.44 9.64 -5.17
-4.44 10.02 -3.33
3.88 10.39 3.59
4.54 9.11 0.74
1.17 9.62 1.62
-1.89 9.47 -1.36
3.77 9.40 -1.28
0.13 10.41 -0.76
-2.42 9.16 -4.97
-2.81 10.43 2.42
5.07 8.94 -0.71
0.99 10.01 1.44
1.82 10.11 1.59
0.65 10.04 0.94
-8.63 9.49 -2.86
0.64 9.63 -3.00
-6.45 9.55 -8.50
-2.57 10.12 -4.35
-3.96 11.16 4.45
2.83 9.43 -1.23
0.97 9.96 1.71
6.63 10.03 3.78
-1.01 9.39 -2.02
3.08 10.27 0.04
1.28 9.38 -2.77
-3.54 9.19 -5.56
0.71 9.60 -2.43
-0.46 10.20 3.13
-0.33 9.54 -0.55
0.00 9.75 0.80
1.38 9.05 -1.87
-1.07 9.33 -3.58
-0.10 10.22 -1.22
-3.57 9.36 -4.31
0.22 9.90 2.41
-1.51 9.22 -3.72
1.60 10.33 2.60
3.92 10.14 2.88
-1.31 9.96 0.84
-0.81 9.34 -3.25
-4.92 9.79 -4.15
-2.45 9.24 -7.14
-4.99 9.51 -5.55
2.02 10.84 6.13
-2.54 9.60 -0.54
5.87 9.65 3.36
2.44 10.09 3.76
0.83 9.57 -0.75
-4.46 10.44 0.07
-4.64 9.61 -4.37
2.82 8.92 -8.70
0.34 9.78 -3.13
-1.71 10.73 3.39
-0.67 9.41 -0.88
1.40 9.49 2.24
2.94 9.87 2.37
-1.25 9.98 0.04
-4.03 10.22 -2.01
-3.01 9.35 -5.02
-0.35 9.47 -3.98
-0.78 9.36 -4.32
-0.26 10.36 3.54
6.49 9.29 0.47
4.43 9.87 2.52
1.17 9.04 -0.84
3.39 9.49 -1.87
-1.37 9.27 -6.27
-2.09 9.71 -4.91
-2.38 10.56 2.97
-0.38 9.09 -3.36
0.17 10.17 2.86
3.09 10.10 2.54
0.90 9.66 0.17
0.19 9.79 -1.73
-2.35 9.27 -4.06
-3.69 9.30 -6.69
-0.61 9.73 -4.04
-2.88 10.92 5.25
2.82 9.42 0.48
5.81 9.84 3.25
4.69 10.62 5.91
0.86 9.82 0.10
5.47 10.32 2.03
-3.94 9.21 -6.02
-4.90 9.76 -3.04
-2.95 9.56 -3.16
2.45 10.76 5.47
1.66 9.47 0.61
1.26 9.49 0.81
0.44 9.41 0.13
0.08 8.90 -2.90
-0.58 10.14 -2.58
0.62 8.96 -5.55
1.90 10.53 3.81
5.22 9.25 -0.86
3.33 10.47 3.94
1.67 10.08 1.56
2.56 9.95 2.29
-0.50 9.38 -1.97
1.73 9.37 -2.67
-2.58 9.51 -6.34
-0.19 9.54 -4.89
-4.92 11.11 3.94
-0.58 9.53 -0.88
1.78 10.21 3.43
1.66 9.97 1.77
-0.06 9.77 0.72
-1.69 9.50 -3.06
-5.72 9.44 -5.89
2.01 9.21 -7.42
1.42 9.24 -5.36
6.29 10.51 5.15
4.67 9.30 -0.35
3.73 9.78 1.54
7.26 10.35 5.62
0.99 9.95 0.88
0.52 10.33 0.95
-0.90 8.98 -4.94
-2.00 9.37 -3.51
0.26 9.06 -3.10
1.71 10.44 4.96
-0.07 9.62 0.56
3.24 9.57 3.11
-0.28 9.65 2.06
-1.90 9.46 -2.87
-0.13 10.33 -1.39
-3.89 9.25 -5.56
-2.99 10.33 4.27
-2.19 9.26 -2.46
2.16 9.60 1.05
8.89 9.78 2.87
5.69 9.66 2.34
-5.03 9.46 -0.97
-1.65 9.54 -1.29
-4.21 9.36 -7.20
-0.89 9.69 -5.83
-5.11 11.18 5.67
0.83 9.31 -0.53
4.26 9.52 1.42
5.66 9.96 4.03
0.87 9.88 2.13
0.70 9.46 -2.34
-3.19 9.32 -4.51
-0.46 9.17 -6.73
-0.63 9.52 -5.71
0.84 10.94 5.86
1.59 9.24 -0.25
2.63 9.45 1.59
0.91 9.58 0.76
0.80 9.66 -1.23
-2.32 10.65 0.26
0.51 8.86 -5.40
-4.08 9.71 -2.61
-1.30 9.48 -2.59
0.50 10.25 4.03
-0.44 9.86 2.07
1.60 9.74 1.02
-0.81 9.26 -1.86
-3.14 9.27 -4.13
-2.32 10.33 -1.40
-1.47 9.05 -6.91
1.05 10.78 4.67
-1.44 9.28 -2.53
6.04 9.97 3.88
3.46 10.15 4.37
1.06 9.85 0.77
-0.39 9.52 -1.50
-1.90 9.60 -3.74
0.57 9.42 -7.79
2.58 9.28 -6.97
-2.05 11.12 5.28
4.76 9.12 -1.28
5.26 9.61 2.31
3.52 10.38 5.54
1.97 9.85 -0.67
1.17 10.17 -0.60
-2.46 9.38 -5.50
-6.58 9.29 -8.92
1.87 9.38 -5.77
-1.56 11.04 4.47
8.15 9.17 -0.92
0.64 9.79 3.14
-2.40 9.67 3.20
0.17 9.41 1.10
-0.77 10.24 -0.49
-5.55 9.40 -5.60
1.23 9.41 -3.93
-2.27 9.54 -4.15
5.96 10.49 5.12
2.18 9.44 1.71
1.24 9.09 0.84
-0.50 9.08 -1.60
-6.01 9.45 -3.90
-1.21 9.43 -6.78
-2.95 9.52 -5.40
0.51 11.02 6.25
3.12 9.39 -1.28
3.04 9.93 2.83
5.45 9.98 1.84
0.50 10.26 0.78
2.35 9.64 -1.70
-2.81 10.07 -3.00
-0.14 9.18 -6.73
-0.59 9.93 -3.48
2.35 10.66 6.27
6.03 9.13 -0.63
3.24 9.93 2.52
2.62 10.16 3.17
-4.33 9.78 -0.86
-0.10 10.34 1.06
-0.55 8.87 -4.65
-1.77 9.35 -4.35
-2.33 9.64 -3.87
2.86 10.59 5.07
3.33 9.08 0.09
2.16 9.51 1.09
2.89 9.79 2.07
-0.64 9.41 -0.73
-4.10 10.22 -1.30
-1.39 8.43 -6.64
-2.02 10.11 1.13
1.29 9.47 -1.31
1.86 10.49 5.43
1.21 9.91 2.37
3.22 9.99 3.05
0.49 9.47 -0.67
-1.25 9.78 -1.83
-1.74 9.60 -5.38
-1.60 9.43 -5.67
-2.63 10.76 4.74
0.76 9.25 -2.16
4.89 9.97 3.56
-1.04 9.73 1.01
1.83 10.26 3.50
0.13 9.12 -3.57
-1.47 9.83 -3.17
-4.45 9.35 -8.90
1.41 9.23 -6.87
1.66 10.72 4.85
6.15 9.22 1.06
3.43 9.61 2.31
5.27 10.21 4.59
-0.43 9.97 0.52
-2.90 9.90 -1.62
-3.00 9.49 -4.77
3.58 9.01 -6.49
-3.00 9.36 -4.13
4.54 10.21 5.14
0.92 9.58 1.33
4.25 8.82 1.11
9.02 10.14 5.71
-2.32 9.61 -1.13
5.41 10.57 2.31
-6.03 8.85 -7.42
2.26 9.45 -2.10
-2.59 9.47 -1.93
7.55 9.52 1.54
-0.53 9.93 1.40
5.90 9.47 1.54
2.98 9.79 2.36
1.69 9.79 -1.04
-0.38 9.63 -3.42
2.54 9.11 -4.85
-0.11 10.55 4.09
-1.65 9.45 -2.61
2.43 9.68 0.69
3.11 10.40 3.48
1.71 10.07 0.44
-2.66 9.07 -2.90
-0.70 9.30 -2.11
-2.51 9.12 -7.43
-1.20 9.81 -4.17
-1.60 10.66 3.83
0.30 9.74 0.56
1.82 9.37 1.27
-1.65 10.30 2.85
-2.22 9.78 -0.50
0.44 9.76 -1.73
-0.84 9.79 -2.94
-1.30 9.80 -1.85
-1.35 9.67 -2.33
1.31 9.70 -0.41
5.60 9.58 0.25
2.09 9.62 1.00
-4.29 10.08 0.93
1.64 9.57 -0.71
-3.13 9.80 -1.92
0.56 9.57 -2.25
-3.92 9.72 -2.38
4.47 9.76 1.30
0.03 9.73 -1.18
-3.26 10.52 2.08
0.76 9.28 -1.84
-1.97 10.01 0.53
3.80 9.60 0.01
-0.28 9.71 -0.62
0.70 9.62 -0.59
-1.34 9.69 -1.95
2.35 9.63 -1.15
-5.76 9.48 -1.20
1.65 9.49 -0.44
3.03 9.64 -0.13
-3.77 10.15 0.02
-0.13 9.71 -0.73
0.76 9.33 -1.54
1.14 9.85 -0.54
4.60 9.15 -1.71
-4.90 9.74 -2.18
2.88 9.61 -0.20
2.62 9.61 0.97
-1.49 10.04 0.76
-0.97 9.95 0.81
0.61 9.82 0.89
-1.52 9.85 -0.59
-1.50 9.92 -0.46
-2.71 9.80 -1.38
3.21 9.40 -1.60
-0.42 9.46 -0.61
4.93 9.39 0.05
0.25 9.51 -2.27
-2.89 9.98 -1.73
2.17 9.73 -0.89
0.74 9.68 -0.33
-0.72 10.11 0.09
3.36 9.23 -2.38
-1.92 10.27 1.38
-3.54 9.79 -1.40
0.08 9.82 0.75
2.39 9.33 -1.38
-0.28 9.97 -0.35
-0.86 9.88 -0.36
-3.86 9.82 -0.29
4.37 9.60 0.50
0.14 9.24 -2.87
1.19 9.57 -0.00
-1.67 9.25 -1.93
-1.19 10.20 0.34
-1.66 9.83 -0.12
-2.39 10.03 -0.59
3.19 9.50 -1.67
-0.91 9.48 -1.81
0.13 9.71 -1.87
0.15 9.67 -0.29
1.20 9.47 -0.95
0.22 9.79 -0.76
-0.16 9.69 -0.22
-1.49 9.95 -0.30
-2.12 10.05 0.00
0.54 10.16 -1.10
1.37 9.89 -1.54
1.67 9.47 -2.17
-1.71 9.51 -2.96
1.39 9.46 -1.82
-3.72 9.76 -2.05
0.83 9.81 -0.11
2.19 9.77 0.23
2.68 9.62 -1.03
-0.19 9.66 -1.86
-0.16 9.75 -0.85
-1.65 9.48 -2.39
-1.53 9.78 -1.25
0.50 9.82 -1.98
0.56 9.51 -2.42
1.71 9.45 -2.53
1.69 9.50 -0.99
-1.55 9.60 -1.56
3.50 9.44 -0.86
-4.11 9.85 -1.31
-1.75 9.73 -1.30
-5.41 10.08 -1.31
-1.01 9.82 -0.82
-1.98 9.99 0.69
-1.80 9.94 -1.29
1.65 9.36 -1.64
2.83 9.26 -2.32
2.90 9.55 -1.97
1.82 9.47 -1.45
3.91 9.49 -1.00
0.20 9.28 -2.89
3.17 9.77 -0.59
-1.47 10.04 -0.27
-0.49 9.98 0.62
-0.51 9.95 -1.69
-0.98 9.60 -1.36
-1.07 9.63 -1.86
0.78 9.66 -1.10
-1.32 9.69 -0.85
3.57 9.21 -1.73
-1.72 10.06 -0.34
0.95 9.71 -0.34
4.89 10.08 2.79
-2.03 10.23 1.05
-2.18 10.11 0.89
0.36 10.02 -0.67
-2.08 9.89 -0.71
1.07 9.44 -1.55
1.28 9.56 -1.28
-1.48 9.51 -1.29
2.92 9.46 -1.52
3.24 9.59 -0.39
0.08 9.17 -2.32
-0.93 10.04 -0.16
1.73 9.66 0.10
0.27 9.46 -0.82
-1.83 9.75 -0.78
0.74 9.69 0.06
0.41 10.04 -0.22
-0.70 9.92 -0.10
-2.45 10.05 -0.39
2.01 9.78 -0.94
-0.34 9.74 -0.17
-0.98 9.81 -1.03
-0.77 10.06 0.33
-1.75 9.93 -0.28
2.08 9.67 0.45
-0.52 9.96 0.66
0.04 9.78 -1.09
-0.04 9.65 -1.87
1.72 9.62 -2.07
-0.31 9.67 -1.29
2.72 9.37 -2.20
0.28 9.58 -1.91
0.07 9.82 0.20
1.93 9.36 -1.25
-1.15 9.98 -0.29
0.42 9.97 -0.01
-0.93 10.06 0.09
0.03 9.91 0.62
-1.43 9.82 -1.17
2.44 9.73 -0.31
0.21 9.79 -0.27
-2.68 9.85 -0.48
-2.65 9.79 -1.10
-0.99 9.36 -2.64
-0.66 9.61 -2.75
-0.89 9.75 -1.41
1.18 9.54 -1.49
3.04 9.91 -0.11
1.32 9.72 0.29
-1.91 9.60 -0.24
-0.68 9.65 -0.72
1.60 9.38 -0.19
-0.08 9.93 -1.65
2.24 9.94 -0.46
-0.07 10.02 0.47
-1.39 10.03 0.20
0.82 9.43 -2.03
-0.35 10.16 -0.85
2.08 9.50 -0.77
-2.66 9.98 -0.64
-1.43 9.97 -0.25
-4.04 8.91 -5.11
-0.50 9.69 -1.62
-1.51 9.78 -0.78
-1.97 9.71 -2.33
-0.92 9.70 -2.38
-0.85 10.03 0.02
-2.44 9.63 -2.53
-0.79 9.34 -1.42
2.99 9.16 -0.60
1.77 10.32 -0.20
0.26 9.55 -0.83
-0.05 10.04 -0.17
-0.24 10.09 -0.91
0.05 9.57 -0.17
0.53 10.17 -0.34
0.33 9.74 -0.51
0.47 9.70 -0.63
0.43 9.85 -0.87
0.36 9.52 -0.60
0.44 9.91 -0.76
0.51 9.64 -0.89
0.39 9.64 -0.74
0.55 9.85 -0.56
0.41 9.55 -0.61
0.49 9.86 -0.84
0.41 9.69 -0.44
0.41 9.75 -0.54
0.38 9.88 -0.56
0.41 9.57 -0.62
0.45 9.93 -0.84
0.39 9.66 -0.49
0.35 9.76 -0.70
0.31 9.78 -0.76
0.39 9.65 -0.45
0.39 9.86 -0.72
0.37 9.62 -0.56
