2.42 12.42 11.38
-2.68 8.70 -4.86
2.73 9.86 2.70
0.32 9.24 -0.68
3.88 9.05 -0.39
-1.71 9.73 -4.53
-2.08 8.69 -8.98
-1.86 11.38 5.95
-4.78 9.66 -1.51
2.53 9.83 1.60
5.21 9.14 -0.84
2.80 9.19 -3.15
-1.80 9.17 -8.07
0.98 9.11 -6.89
-0.51 10.90 4.08
-1.50 10.03 1.32
0.54 9.60 0.90
1.45 10.63 4.25
0.86 9.72 0.22
-4.05 10.61 1.55
3.02 9.13 -2.82
-2.92 10.37 0.76
1.84 9.06 -1.75
1.86 10.35 2.97
-1.90 9.18 -2.21
4.56 9.70 1.82
-0.50 9.28 -1.48
-0.01 9.57 -1.89
-3.72 10.15 -4.20
-1.12 9.13 -6.75
-0.76 10.80 4.04
1.69 9.39 -1.13
1.61 10.17 1.87
3.85 9.73 0.95
-2.00 9.89 0.98
2.22 9.54 -1.70
-0.64 9.64 -1.87
-2.34 9.07 -6.57
-1.64 9.84 -3.19
1.62 10.15 2.25
1.61 9.28 -0.33
4.84 9.76 2.62
5.42 10.41 4.07
0.66 9.70 -0.73
-0.94 10.50 1.17
1.92 9.14 -3.80
-1.30 9.74 -1.28
-0.05 9.65 -2.00
2.79 9.78 1.70
1.08 9.78 1.66
-0.24 9.67 1.90
4.58 9.39 1.34
-4.33 9.61 -1.43
-1.93 10.24 -1.19
-0.74 9.69 -3.12
-1.20 10.23 2.39
-1.77 9.58 -1.05
2.44 9.66 1.43
3.38 9.80 1.62
4.66 9.63 0.55
-1.96 9.03 -3.11
3.73 9.44 -2.87
-1.09 9.61 -6.80
4.70 9.33 -3.70
3.47 10.70 4.75
0.38 9.78 0.85
-0.24 9.71 1.21
3.89 10.27 2.99
0.55 10.26 0.75
-0.29 9.91 -0.22
-7.03 9.32 -5.29
1.29 8.92 -7.02
3.14 9.42 -3.20
0.88 10.29 3.38
2.72 9.56 -0.25
1.29 9.61 0.39
0.13 10.12 2.48
-1.87 9.75 -1.48
-0.84 10.31 0.62
-4.04 9.56 -3.69
-3.74 9.60 -4.05
-1.89 9.38 -2.46
4.32 9.93 3.31
5.69 9.29 0.90
4.97 10.23 4.88
-0.66 9.28 -1.15
-2.17 9.62 -1.54
-2.87 10.56 0.14
-5.48 9.13 -6.13
-3.00 10.15 0.28
2.34 9.07 -2.00
4.67 9.72 2.90
6.91 9.78 2.75
-0.38 10.27 2.68
2.13 9.66 -0.56
-0.22 9.58 -3.16
-1.27 9.93 -3.68
1.21 9.20 -7.13
-6.28 11.24 5.80
-1.71 9.70 0.44
-0.60 10.10 0.81
0.22 10.16 2.11
1.05 9.49 -1.20
-0.73 10.24 -0.37
-0.06 9.14 -3.83
-2.63 9.27 -6.04
-1.85 9.65 -5.17
1.80 10.49 4.69
1.40 9.42 -1.27
0.77 9.99 2.63
-3.52 10.14 1.45
1.53 9.70 -1.72
0.15 10.29 1.01
-2.08 9.27 -4.52
-4.35 9.45 -4.96
1.13 9.44 -3.29
0.83 10.68 4.43
1.25 9.35 -0.49
3.38 9.95 2.79
3.07 9.41 0.38
0.94 9.71 -1.25
-2.08 10.12 -2.92
-6.17 9.09 -4.98
-4.20 9.64 -1.83
-1.62 9.46 -2.88
3.40 10.29 3.24
-1.30 9.44 0.70
2.77 9.54 1.36
1.04 9.03 -2.71
2.25 9.32 -2.73
-8.61 9.56 -8.14
0.38 9.38 -5.29
-1.37 10.09 1.78
-3.45 9.61 -1.65
1.90 10.02 2.00
-0.49 10.21 1.68
3.40 9.75 0.58
0.82 9.05 -3.57
3.93 9.70 -2.77
-5.08 9.63 -7.41
1.41 9.35 -4.94
0.36 10.83 4.69
4.25 9.62 1.71
6.40 9.75 3.02
3.14 10.49 4.28
2.84 9.58 0.18
-1.00 10.42 0.87
-1.77 9.58 -3.77
-2.27 9.15 -5.13
0.29 9.60 -2.62
1.87 10.27 2.64
1.43 9.69 0.09
5.49 9.54 3.80
-2.91 9.86 2.18
0.52 9.51 -1.55
-2.35 10.58 0.88
-2.14 9.24 -4.50
-1.54 10.16 0.46
-5.30 9.60 -3.64
3.81 10.07 3.58
4.24 9.50 1.98
0.46 9.80 2.36
0.11 9.60 -0.90
-0.66 9.94 -0.76
1.15 9.75 -3.64
-3.21 9.60 -5.45
-1.15 10.78 5.45
-2.47 9.35 -0.78
3.04 9.80 2.03
-1.77 9.61 0.23
5.58 9.63 0.86
-1.65 9.49 -2.79
-5.27 9.05 -6.72
-5.43 9.18 -7.84
-1.59 9.93 -3.92
2.72 11.02 6.98
-2.13 9.65 1.37
2.07 9.25 1.20
4.55 9.82 2.23
7.52 9.32 -0.78
1.30 9.98 -0.29
-1.81 9.01 -5.55
-3.87 9.37 -6.02
-2.41 10.13 -1.78
-0.60 10.53 4.33
1.36 9.47 -0.03
1.38 9.69 1.33
4.58 9.22 -1.11
0.80 9.78 0.14
-1.73 10.55 1.55
-0.84 9.54 -2.52
-2.32 9.72 -0.86
-1.09 9.40 -3.20
1.97 9.89 1.46
6.39 9.45 1.53
0.40 9.94 0.72
-1.80 9.20 -3.56
-1.48 9.69 -0.62
-0.77 10.31 -1.25
-3.44 9.24 -5.22
0.42 10.05 2.57
4.45 9.31 -0.21
0.22 10.29 2.83
5.27 10.16 4.89
1.20 9.75 0.77
-1.56 9.46 -2.65
-2.52 9.73 -2.75
-2.72 9.41 -7.40
-2.33 9.64 -4.26
5.13 10.19 4.98
3.80 9.64 0.88
-0.14 9.73 1.81
7.84 9.95 3.62
-2.15 10.27 2.92
1.68 10.14 0.80
-0.50 9.59 -4.48
-2.67 9.30 -7.85
4.04 9.31 -3.90
-2.29 10.51 3.73
5.40 9.10 -1.12
4.57 9.78 4.61
1.85 9.87 4.16
-3.20 9.82 -0.53
-2.31 10.50 1.08
-4.95 9.43 -4.40
-2.21 9.00 -7.10
1.02 9.03 -5.45
1.95 10.36 3.19
4.33 9.30 0.57
1.78 9.54 1.86
1.47 9.53 0.79
2.68 9.77 0.20
-1.49 10.39 -0.44
-0.30 9.29 -4.71
1.39 9.47 -2.50
2.51 9.21 -2.39
3.66 9.73 2.96
1.45 9.47 0.77
1.22 9.69 1.79
0.00 9.43 -0.46
-0.72 9.63 -1.51
1.06 9.25 -6.11
-5.81 9.99 -4.73
-1.07 10.44 3.69
0.54 9.15 -3.02
5.86 9.80 1.20
7.66 9.88 2.28
2.74 9.70 0.64
1.98 9.29 -1.94
-1.02 9.57 -3.98
0.93 8.87 -7.71
-2.44 9.54 -4.82
-1.43 10.77 4.44
4.76 9.21 -0.80
-3.04 9.85 0.05
8.31 9.93 3.48
1.81 9.84 1.58
0.77 10.13 1.17
-4.85 9.33 -3.83
-3.37 9.36 -4.91
-1.24 9.96 -3.35
6.08 10.00 4.40
6.20 9.30 1.27
2.81 10.47 4.00
5.09 9.90 1.97
-0.19 9.52 -1.48
4.95 10.04 -0.69
-0.46 9.22 -4.56
-6.00 9.56 -2.62
0.41 8.98 -2.84
1.45 9.91 2.17
2.53 9.49 0.29
4.89 9.42 1.18
3.75 9.51 1.05
-0.87 9.16 -3.08
0.91 10.15 -0.63
-2.85 9.50 -4.42
-4.77 10.08 1.96
2.29 9.17 -0.99
0.87 9.86 3.26
1.58 9.98 2.14
0.97 9.70 0.93
-0.71 9.35 -2.49
-1.00 9.72 -2.85
1.32 9.62 -3.48
-4.21 9.90 -3.69
1.64 9.86 0.97
6.08 9.59 0.23
2.61 9.45 0.60
5.95 9.80 1.91
-1.24 9.80 -0.60
2.68 9.99 0.56
-1.53 10.03 -0.73
-0.85 9.38 -2.93
1.43 9.81 -0.97
3.77 9.57 0.08
-1.39 10.14 0.25
3.60 9.60 1.43
-2.08 9.78 0.61
-1.85 9.65 -0.82
-4.41 9.95 -1.64
0.61 9.96 -1.17
-1.26 9.11 -2.26
-0.16 9.38 -2.40
2.28 9.37 -1.54
-2.10 9.79 -0.69
-0.74 10.01 0.41
-0.42 10.18 -0.31
-2.37 9.97 -0.27
0.73 9.59 -2.20
1.35 9.77 -2.07
0.40 9.34 -2.71
0.76 9.59 0.08
1.80 9.59 -0.05
-1.58 10.21 1.77
-0.38 10.01 1.14
-1.29 10.07 0.56
0.08 9.71 -0.94
-1.18 9.86 -2.10
-1.14 9.40 -2.97
1.65 8.97 -3.10
2.87 9.54 -1.70
1.27 9.37 -1.37
-0.86 9.40 -1.89
-0.23 9.82 -0.41
-0.04 9.86 -0.61
2.92 9.89 -0.20
3.00 9.88 0.48
-2.74 10.34 0.44
-3.63 9.89 -1.37
1.03 9.89 -0.22
-0.05 9.82 -0.84
-3.51 9.56 -2.79
-0.79 9.54 -2.13
0.16 9.54 -1.56
3.25 9.27 -2.75
-2.51 9.78 -1.26
3.53 9.86 0.98
2.59 9.91 0.69
-3.12 10.32 0.92
0.86 9.99 0.46
1.66 10.22 1.76
-3.48 10.02 -0.71
1.60 9.38 -1.49
0.71 9.66 -1.53
-2.44 9.59 -2.12
3.39 9.56 -0.88
1.59 9.88 0.70
-1.77 9.73 -0.25
-1.29 10.04 0.56
4.27 9.43 -1.27
-1.27 9.96 -1.34
1.49 9.73 -1.44
-1.08 9.98 0.73
1.59 9.69 0.91
1.45 9.75 1.01
-2.61 9.89 -0.39
-0.50 9.72 -1.48
-0.96 9.76 -1.83
3.80 9.57 -1.11
2.04 9.49 -1.80
-1.67 9.65 -1.55
3.09 9.57 0.77
-2.40 9.88 -0.33
1.60 9.95 0.69
6.11 9.22 -2.06
-1.24 9.71 -1.01
2.67 9.68 0.52
-0.09 9.88 0.05
-0.78 9.88 0.64
1.90 10.04 2.46
0.58 10.15 1.83
2.04 9.75 0.38
0.13 9.90 -0.81
-0.34 9.81 -0.15
1.89 9.93 0.67
0.21 9.80 0.08
1.42 9.34 -1.52
2.07 9.68 -0.88
0.99 9.70 -0.48
-3.02 9.67 -2.75
4.03 9.79 0.98
-4.11 9.69 -0.50
3.17 10.04 3.42
2.61 9.96 1.90
-1.69 10.06 -0.05
-3.57 9.67 -2.55
-0.39 9.43 -1.87
-0.53 9.58 -2.07
1.58 9.62 -0.62
-2.77 10.16 0.11
1.57 9.80 -0.56
0.94 10.10 0.20
-3.47 10.49 0.91
-3.68 9.78 -1.21
4.59 9.60 0.53
0.03 9.52 -2.14
2.48 9.48 -0.92
-0.70 9.61 -1.25
1.35 9.15 -2.75
0.82 9.53 -0.63
-0.50 9.60 -1.67
1.80 9.54 -0.85
3.89 9.90 0.16
-3.35 9.51 -1.80
4.41 9.78 0.27
0.73 9.94 -0.88
-0.63 9.46 -2.49
1.50 9.61 -1.45
-1.87 9.79 -1.89
-1.14 9.40 -2.31
-0.61 9.48 -1.62
-0.83 9.56 -2.06
-2.01 9.60 -1.92
-1.17 9.54 -1.90
-1.17 9.83 -0.98
0.12 9.81 -1.31
-3.38 9.76 -2.24
-1.04 9.81 -0.32
0.18 9.82 -0.44
0.60 9.99 0.09
-1.54 9.79 -1.09
0.90 9.60 -1.63
1.05 9.75 -1.00
-1.69 9.91 -0.27
0.38 9.85 -0.46
3.32 9.52 0.05
-0.11 9.92 -0.22
-2.23 9.85 -1.53
-2.96 9.81 -1.92
1.12 9.54 -1.89
3.78 9.38 -2.11
0.76 9.70 -0.17
-2.46 9.71 -0.17
0.35 9.84 -0.38
0.61 10.05 1.12
3.29 9.40 -1.33
-1.54 9.87 0.40
1.48 9.75 -1.01
-0.78 9.62 -2.40
-2.92 9.83 -1.66
2.69 9.12 -2.23
2.02 9.57 -0.95
0.66 9.49 -1.90
2.46 9.58 -0.43
1.23 9.55 -1.05
-1.29 9.88 -0.52
-0.31 9.88 -0.12
2.48 9.98 0.79
1.50 9.80 0.01
2.58 9.74 0.41
-0.67 9.97 0.75
-2.41 9.79 -0.17
-3.13 10.08 -0.60
0.04 9.97 0.88
1.34 9.63 0.06
-1.61 9.56 -1.65
4.22 9.63 -1.00
-0.09 10.09 1.08
0.32 9.88 0.06
0.40 9.67 -0.73
0.18 9.51 -2.13
1.00 9.55 -2.99
1.85 9.21 -3.04
2.04 9.69 -0.00
-0.01 9.94 -1.17
-0.30 9.89 -0.73
1.13 9.76 -0.25
2.76 9.59 -0.22
1.97 9.85 1.24
0.29 9.80 0.48
1.57 9.58 -0.71
-0.73 9.70 -1.89
-4.14 10.31 -1.21
-2.81 9.46 -1.41
-1.11 10.33 -0.65
1.07 9.43 0.16
2.06 9.84 0.72
2.32 10.12 1.33
1.83 9.55 1.05
1.95 10.10 0.08
1.15 9.45 -0.47
0.68 9.84 -1.24
-0.13 9.69 -1.49
-0.21 9.39 -1.58
-0.53 9.89 -2.05
-0.50 9.43 -1.41
-0.23 9.83 -1.17
0.16 9.67 -0.84
0.33 9.64 -0.33
0.82 10.06 -0.14
0.93 9.65 0.14
1.01 9.90 -0.07
0.95 9.79 -0.06
0.86 9.64 -0.06
