8.38 7.13 -13.51
1.56 11.13 7.66
0.04 10.23 6.68
2.79 8.86 1.09
0.81 9.15 -10.75
0.43 7.54 -13.93
1.34 12.87 15.94
3.52 9.25 1.44
3.56 9.66 3.06
1.07 10.81 2.30
-2.40 8.09 -7.10
-2.73 10.11 -2.13
-0.28 7.93 -12.13
1.17 10.98 5.84
0.67 10.89 5.59
1.67 9.57 0.84
-0.70 10.33 -2.12
-1.17 8.74 -9.74
-8.08 12.07 7.62
-1.52 8.06 -8.67
3.57 10.02 2.40
4.44 10.39 5.08
2.41 8.93 -1.00
-4.00 10.14 -5.00
-1.86 8.68 -8.98
-1.79 12.11 11.07
0.14 9.30 -2.65
1.64 10.43 4.99
1.06 10.88 6.82
1.31 9.90 0.62
0.62 10.06 -0.80
-1.65 9.13 -6.77
-4.15 11.18 4.60
5.19 8.27 -4.88
1.72 10.26 3.41
4.29 10.42 5.83
4.43 9.09 -0.39
0.82 10.54 1.33
-1.13 8.80 -5.52
-3.94 10.83 3.88
1.62 8.71 -5.27
3.48 10.50 5.78
2.52 10.62 6.54
3.06 9.96 1.94
-0.92 10.12 0.73
-2.41 9.19 -5.31
-2.42 9.46 -6.51
-0.91 8.31 -7.98
3.99 10.90 6.08
3.49 10.43 5.39
2.05 9.45 0.01
0.79 10.34 1.07
-1.89 9.42 -4.33
-6.93 8.96 -10.29
-1.65 8.91 -7.75
-1.48 11.61 9.05
2.17 9.73 2.61
3.90 9.81 1.74
1.61 9.77 0.55
-6.42 9.34 -4.53
2.77 8.71 -9.86
1.06 8.88 -9.01
0.16 11.96 9.10
1.75 9.29 0.37
1.84 9.01 1.83
3.76 9.57 1.73
0.27 9.68 -2.29
-4.55 8.58 -12.67
-2.95 9.29 -8.50
-1.51 12.01 11.32
0.57 8.60 -2.58
3.72 9.59 2.67
4.72 9.01 2.07
0.82 9.35 -1.75
0.12 8.75 -13.65
-4.64 9.25 -9.35
-2.06 12.30 10.36
1.96 9.06 -1.06
6.85 9.68 5.29
1.64 10.59 6.46
1.33 9.74 0.24
-1.69 9.55 -6.90
-2.43 9.23 -8.52
-2.44 12.21 10.11
0.49 8.56 -4.48
2.30 9.87 2.98
4.34 9.54 3.37
1.48 8.91 -1.34
-4.12 10.39 -2.45
-5.73 9.00 -7.35
-2.47 11.21 5.94
0.58 8.90 -5.48
2.40 10.04 4.70
3.35 10.49 6.57
2.39 9.66 0.75
1.43 10.29 1.72
-1.76 9.02 -5.46
-1.09 10.08 -0.68
0.79 8.35 -5.60
2.56 10.61 4.99
5.57 10.45 5.80
3.74 9.48 0.11
0.92 10.49 0.82
-1.83 9.55 -3.99
-6.99 9.15 -8.42
-2.63 9.31 -6.74
-0.57 11.89 12.02
1.37 9.63 1.85
6.71 9.43 1.80
-0.21 9.90 0.29
-5.59 9.27 -5.23
-3.02 9.23 -9.23
-4.16 8.88 -9.59
1.44 11.79 9.41
1.32 9.49 1.38
4.92 9.34 2.86
3.39 9.77 1.88
-3.32 9.69 -3.67
-4.73 8.79 -10.17
-0.74 9.12 -7.65
-2.25 11.87 9.42
-3.51 9.11 -1.51
2.72 9.75 3.30
2.56 8.90 -0.33
-0.36 9.18 -3.82
-0.54 8.60 -13.92
-3.97 9.14 -8.69
-0.28 12.03 10.03
5.56 9.29 1.10
4.29 9.31 2.79
2.69 9.58 3.24
0.32 9.81 -0.82
-4.52 8.62 -12.99
-3.46 9.49 -8.73
-1.59 12.45 12.84
-1.62 8.78 -1.95
3.49 9.71 3.27
4.16 8.80 0.08
1.74 8.93 -2.09
-0.53 9.48 -9.46
-1.99 8.92 -8.38
-0.74 12.25 10.84
1.73 8.84 -3.29
0.60 9.51 4.89
3.36 10.14 6.33
0.32 9.65 -0.92
-3.60 8.84 -10.94
-0.87 9.05 -7.49
-4.13 11.66 6.32
1.90 8.26 -6.13
2.81 9.88 3.04
4.84 9.98 5.66
2.74 8.85 -1.80
-4.19 9.91 -6.77
0.18 8.88 -7.81
-2.45 11.99 10.14
1.44 8.82 -5.53
3.41 10.67 6.31
2.39 10.68 6.66
0.69 9.97 1.49
-0.50 10.29 0.30
-1.06 8.89 -6.55
-1.69 10.85 2.62
-2.85 8.48 -7.59
4.34 11.00 6.78
4.11 10.01 3.87
1.86 9.43 1.77
3.28 10.08 2.14
-3.32 9.18 -5.15
-6.46 9.51 -4.97
-2.23 8.87 -7.19
-0.07 11.13 8.03
1.63 9.05 -0.13
3.65 9.65 2.68
4.74 9.03 -0.20
0.90 9.37 -3.94
-0.41 8.58 -14.16
-1.44 9.00 -8.29
2.22 11.80 8.91
1.09 9.32 -0.00
4.52 9.24 2.65
3.46 9.71 2.51
0.93 9.68 -0.91
-5.57 8.87 -11.89
-5.41 9.68 -8.21
-3.28 12.45 12.24
0.21 8.60 -3.14
0.85 9.58 2.00
4.09 9.04 1.48
-0.24 9.16 -2.22
-3.11 9.96 -5.86
-2.54 8.94 -8.38
-2.34 11.81 9.72
2.67 8.91 -4.15
5.16 9.68 3.81
0.18 10.40 6.21
1.51 9.77 0.40
-2.04 9.64 -5.88
-3.96 9.28 -8.58
-4.16 12.20 8.39
1.70 8.05 -7.49
4.75 10.31 4.63
4.68 10.55 6.45
0.90 9.11 -0.89
2.35 10.13 -1.17
-1.51 8.47 -7.59
-4.96 11.03 5.38
-2.85 9.03 -4.71
-0.91 11.34 8.69
1.12 10.20 3.81
2.54 9.94 2.01
0.93 10.09 0.07
-2.21 9.24 -5.10
-0.08 9.49 -5.36
0.69 8.12 -7.38
4.20 10.88 6.50
3.41 10.60 5.70
3.10 9.49 2.31
-0.24 9.90 1.63
-0.64 9.60 -2.97
-5.93 8.77 -11.83
-3.31 9.32 -7.76
0.63 12.39 13.05
1.36 9.29 1.07
3.71 9.56 1.84
7.74 8.85 0.86
1.85 9.21 -2.27
-1.17 8.79 -14.30
0.07 8.92 -9.11
-1.44 12.40 11.35
2.98 9.11 -0.36
3.03 9.04 2.79
4.06 9.81 3.96
1.71 9.70 -1.62
-0.79 9.56 -6.48
-4.15 9.27 -9.02
-2.05 12.13 10.05
2.80 8.31 -4.81
2.37 9.96 3.61
5.58 9.76 5.29
2.90 8.92 -1.08
-0.58 9.41 -8.80
0.84 8.63 -8.99
-2.11 12.12 10.26
-0.74 8.78 -5.31
4.33 10.30 6.09
1.84 10.70 5.47
1.93 9.91 1.25
-0.49 10.16 -0.78
-2.49 9.08 -6.38
-3.22 10.41 -0.48
-2.07 8.75 -7.03
1.40 11.36 7.31
3.22 9.97 3.19
5.65 9.39 1.61
2.38 10.26 2.63
-2.38 9.29 -4.11
-4.95 9.16 -6.80
-2.49 9.09 -7.03
-1.23 11.69 9.67
-1.12 8.99 -1.37
2.48 9.77 2.51
4.35 8.90 -0.43
0.14 9.37 -3.12
-0.71 8.53 -13.74
-3.75 8.92 -9.59
2.06 11.72 9.81
4.62 9.20 0.43
4.54 9.20 3.39
1.05 10.01 4.72
1.73 9.81 -0.11
-1.01 9.28 -8.13
-6.46 9.56 -8.32
-1.60 12.29 11.52
2.52 8.53 -3.66
3.11 9.74 3.15
6.38 9.54 4.25
4.45 9.27 0.76
2.41 10.26 -0.81
-3.06 8.75 -7.55
-3.21 10.82 4.73
2.09 8.54 -5.55
5.03 9.95 4.46
5.95 10.58 5.93
1.96 9.90 1.30
-3.61 10.45 -0.16
-6.57 9.32 -5.35
-2.05 9.35 -7.86
-1.55 8.63 -6.78
1.45 10.86 4.62
4.59 10.17 3.91
5.44 9.25 0.59
2.07 10.39 0.54
0.76 9.17 -4.40
0.44 10.05 -0.85
-1.14 9.84 -1.08
-0.60 9.57 -1.09
-0.11 9.95 0.88
1.36 9.39 -1.10
1.55 9.73 -0.39
0.40 9.82 -0.12
0.46 9.68 -1.39
0.51 9.66 -0.92
0.26 9.75 -0.33
0.25 9.71 -0.71
0.50 9.71 -0.49
0.60 9.73 -0.50
0.19 9.66 -0.67
-0.15 9.89 -0.54
0.45 9.63 -0.85
0.06 9.80 -0.89
0.46 9.73 -0.30
0.83 9.57 -0.83
-0.22 9.72 -0.87
0.49 9.74 -0.19
0.77 9.60 -0.86
0.39 9.82 -0.43
0.37 9.64 -0.88
0.40 9.73 -0.65
-0.05 9.76 -0.75
0.02 9.74 -0.76
0.28 9.73 -0.56
0.57 9.74 -0.74
0.39 9.70 -0.91
0.55 9.77 -0.72
0.44 9.77 -0.50
0.17 9.77 -0.71
0.52 9.74 -0.79
0.30 9.75 -0.63
0.53 9.66 -0.57
0.79 9.78 -0.58
0.56 9.76 -0.56
0.61 9.69 -0.75
0.40 9.76 -0.70
1.06 9.68 -0.47
0.57 9.78 -0.59
0.19 9.73 -0.64
0.45 9.74 -0.63
0.52 9.73 -0.78
0.33 9.76 -0.48
0.33 9.76 -0.72
0.45 9.71 -0.60
-0.02 9.74 -0.42
0.27 9.77 -0.59
0.76 9.74 -0.57
0.60 9.74 -0.70
1.03 9.72 -0.45
0.35 9.75 -0.57
0.62 9.73 -0.66
0.29 9.75 -0.62
0.75 9.69 -0.78
0.62 9.73 -0.73
0.15 9.72 -0.62
-0.13 9.72 -0.73
0.01 9.79 -0.45
0.36 9.69 -0.67
-0.10 9.80 -0.69
-0.14 9.73 -0.67
0.53 9.84 -0.60
1.22 9.75 -0.70
0.37 9.78 -0.61
0.37 9.74 -0.50
0.60 9.71 -0.60
0.54 9.73 -0.61
0.24 9.73 -0.67
0.22 9.77 -0.81
0.69 9.79 -0.65
0.98 9.71 -0.70
0.67 9.78 -0.63
0.27 9.75 -0.67
0.75 9.74 -0.75
0.41 9.82 -0.62
0.45 9.69 -0.80
1.03 9.75 -0.68
0.21 9.81 -0.71
0.27 9.70 -0.72
0.72 9.69 -0.70
0.26 9.68 -0.51
0.84 9.71 -0.65
0.39 9.69 -0.67
0.60 9.75 -0.56
0.07 9.72 -0.51
0.46 9.74 -0.67
0.53 9.78 -0.57
0.76 9.72 -0.51
0.18 9.70 -0.68
0.07 9.72 -0.58
0.53 9.71 -0.59
0.74 9.77 -0.60
0.88 9.75 -0.66
0.58 9.76 -0.65
0.63 9.65 -0.55
0.34 9.72 -0.56
0.47 9.78 -0.66
0.55 9.71 -0.54
0.59 9.72 -0.63
0.37 9.71 -0.42
0.83 9.78 -0.64
0.57 9.70 -0.64
-0.04 9.78 -0.53
1.01 9.72 -0.59
0.17 9.74 -0.69
0.52 9.76 -0.67
0.37 9.78 -0.85
0.76 9.74 -0.51
0.27 9.82 -0.63
0.78 9.68 -0.49
0.22 9.67 -0.72
0.42 9.72 -0.52
0.50 9.73 -0.59
0.50 9.81 -0.65
0.33 9.78 -0.48
0.58 9.72 -0.58
0.94 9.72 -0.65
0.23 9.64 -0.76
0.55 9.70 -0.52
0.57 9.77 -0.55
0.26 9.78 -0.59
0.72 9.71 -0.67
0.41 9.75 -0.59
0.49 9.73 -0.67
0.30 9.78 -0.75
0.14 9.82 -0.67
0.53 9.72 -0.53
0.29 9.69 -0.58
0.53 9.73 -0.61
0.72 9.73 -0.76
0.46 9.77 -0.73
0.67 9.72 -0.79
0.27 9.66 -0.69
0.49 9.69 -0.72
0.53 9.70 -0.70
0.87 9.74 -0.51
0.64 9.79 -0.57
0.41 9.77 -0.66
0.14 9.78 -0.78
0.48 9.77 -0.70
0.82 9.68 -0.66
0.55 9.72 -0.85
0.45 9.72 -0.67
0.28 9.72 -0.74
0.18 9.72 -0.60
0.27 9.73 -0.85
0.44 9.69 -0.83
0.55 9.74 -0.62
0.11 9.77 -0.78
0.74 9.75 -0.73
0.44 9.72 -0.74
0.33 9.72 -0.55
0.51 9.75 -0.54
0.45 9.76 -0.58
0.44 9.71 -0.52
-0.17 9.73 -0.66
0.27 9.74 -0.66
0.23 9.73 -0.67
0.07 9.77 -0.59
0.50 9.70 -0.65
0.63 9.72 -0.69
0.53 9.67 -0.54
0.51 9.76 -0.66
0.60 9.81 -0.39
0.31 9.73 -0.59
0.24 9.76 -0.55
0.79 9.66 -0.75
-0.11 9.72 -0.65
1.06 9.71 -0.58
0.22 9.77 -0.64
0.32 9.72 -0.52
0.71 9.77 -0.54
1.04 9.72 -0.64
0.08 9.76 -0.59
0.26 9.75 -0.58
0.33 9.75 -0.48
0.47 9.71 -0.66
0.52 9.79 -0.62
0.44 9.71 -0.69
0.24 9.68 -0.78
0.27 10.51 -0.72
-0.44 9.22 -0.73
-0.06 9.91 -0.81
0.26 9.90 -0.62
0.22 9.34 -0.78
0.73 10.24 -0.81
0.32 9.43 -0.11
0.74 10.01 -0.71
0.50 9.71 -0.48
0.47 9.54 -0.59
0.48 10.14 -0.75
0.29 9.38 -0.39
0.39 10.00 -0.95
0.37 9.70 -0.85
0.35 9.59 -0.46
0.38 9.97 -0.81
0.30 9.40 -0.71
0.45 10.00 -0.69
0.40 9.65 -0.56
0.36 9.75 -0.48
0.49 9.92 -0.67
0.33 9.51 -0.59
0.51 9.88 -0.54
0.47 9.70 -0.62
0.37 9.63 -0.74
0.47 9.87 -0.62
0.33 9.57 -0.48
0.41 9.84 -0.75
0.33 9.64 -0.66
0.40 9.67 -0.71
0.45 9.85 -0.61
0.37 9.60 -0.58
0.45 9.87 -0.81
0.41 9.64 -0.53
0.41 9.73 -0.56
0.41 9.80 -0.68
0.36 9.67 -0.64
0.44 9.91 -0.69
0.31 9.62 -0.48
0.46 9.75 -0.70
0.37 9.73 -0.78
-0.01 9.71 -0.71
0.49 9.99 -0.61
0.53 9.62 -0.56
0.51 9.83 -0.66
0.36 9.68 -0.55
0.37 9.69 -0.60
0.52 9.83 -0.64
