-2.99 10.00 -2.60
-0.49 9.08 -6.89
1.43 10.42 2.85
3.19 10.42 4.88
2.74 9.42 0.63
2.99 10.93 3.61
-0.61 8.68 -7.18
-0.12 10.61 1.49
-2.50 9.30 -3.51
-0.19 9.94 1.80
5.60 10.01 4.23
2.21 9.34 0.19
1.44 10.49 2.18
-2.80 9.05 -6.06
-1.03 10.44 1.43
-0.25 9.35 -2.41
0.86 10.27 3.02
-1.67 9.60 0.68
2.68 9.52 0.78
-2.43 9.24 -3.10
-0.46 9.54 -3.62
-3.08 9.21 -7.93
-2.15 9.78 -4.30
1.86 10.80 4.58
3.07 9.33 0.58
2.94 9.85 2.46
4.15 10.07 3.46
1.39 9.77 -0.26
1.23 10.32 -0.22
-3.33 8.96 -6.03
-0.94 10.53 3.18
2.14 8.87 -2.65
3.89 10.02 2.67
3.22 10.03 2.73
3.92 9.38 1.12
0.40 9.30 -1.65
-0.66 9.38 -2.88
-5.36 9.16 -8.46
-0.57 9.72 -5.25
0.50 10.60 4.93
1.35 9.33 -0.24
3.09 9.91 2.31
3.41 9.46 1.62
2.61 9.79 0.66
-0.52 10.55 0.52
-2.59 9.10 -4.85
-2.91 10.22 0.16
1.66 9.20 -2.92
2.44 9.99 3.56
2.10 9.75 2.02
4.03 9.65 1.55
-1.12 9.29 -2.95
-1.09 9.52 -2.68
-0.65 9.35 -7.58
-1.91 9.51 -5.60
-0.91 11.18 5.81
3.30 9.33 0.11
2.59 9.69 2.51
4.02 10.37 4.54
0.85 9.87 0.20
-1.60 10.52 0.61
-2.03 9.45 -4.50
-0.92 9.36 -6.26
-1.57 9.54 -5.06
2.65 10.57 4.44
2.62 9.38 0.51
3.83 9.53 1.73
-1.06 9.33 -0.57
-0.40 9.52 -2.20
-3.34 9.53 -6.45
-2.38 9.63 -5.64
-3.13 10.64 3.27
2.14 9.21 -2.01
2.35 9.89 2.50
3.94 9.98 3.17
3.38 9.77 0.82
0.73 9.85 -0.90
-0.56 9.34 -4.39
-4.84 9.40 -6.42
-2.45 9.60 -5.11
-0.99 10.97 5.28
3.96 9.25 -0.44
3.23 9.58 1.87
3.97 9.96 3.61
0.97 9.50 -0.72
-1.02 10.57 -0.23
-2.20 9.18 -5.46
-2.33 10.57 3.20
0.30 9.11 -2.49
2.13 10.39 4.02
0.69 9.53 1.13
3.12 9.78 1.98
-2.03 9.21 -2.43
-1.18 9.45 -2.77
-2.05 9.16 -9.01
0.72 9.41 -5.68
0.15 10.90 5.00
5.07 9.52 -0.34
3.88 9.67 3.00
4.50 10.08 3.46
2.83 9.86 0.82
0.42 9.88 -0.70
-2.48 9.52 -4.97
0.36 9.47 -4.99
-2.15 9.53 -4.43
4.85 10.49 5.00
2.44 9.38 0.89
4.62 9.59 1.63
2.34 9.89 2.26
0.06 9.78 -1.14
-0.09 10.28 -2.04
-3.78 9.26 -6.31
-0.50 10.70 4.28
1.86 9.10 -2.00
2.85 9.97 2.80
4.29 10.06 3.75
2.72 9.74 0.60
-0.28 9.45 -0.89
-1.37 9.40 -3.15
-2.72 9.30 -7.34
-1.48 9.73 -5.32
-1.29 11.00 6.07
2.39 9.42 0.76
2.75 9.67 2.22
5.19 9.80 3.66
-1.79 9.60 -1.23
-3.10 10.27 -2.81
-4.11 9.19 -5.63
-2.65 9.71 -2.71
-0.73 9.27 -3.96
0.80 10.21 4.00
2.73 9.57 1.97
3.37 9.55 1.63
-1.01 9.06 -2.45
-2.26 9.59 -3.11
-0.68 9.11 -9.14
-1.82 9.36 -4.85
-0.67 10.83 5.43
1.26 9.37 -0.86
2.54 9.82 2.95
3.85 10.32 3.91
1.14 9.95 0.92
0.86 10.06 -0.19
-2.38 9.29 -5.32
-1.69 9.66 -3.61
-0.07 9.51 -5.43
2.27 10.78 4.74
2.81 9.52 0.47
2.86 9.51 1.97
0.65 9.91 2.69
-1.11 9.61 -1.08
-3.65 10.21 -1.90
-4.53 9.35 -5.63
-2.30 10.77 5.00
-1.09 9.10 -4.15
3.27 10.02 3.03
2.08 9.59 1.34
3.22 9.72 1.13
-0.19 9.09 -2.66
-1.90 9.36 -3.51
-5.24 9.15 -9.19
-0.62 9.83 -4.72
0.20 10.94 6.62
3.54 9.18 -1.48
3.35 9.92 2.76
4.81 10.05 3.90
1.94 9.86 0.64
0.82 10.39 0.16
-4.69 9.15 -5.55
-3.46 9.76 -3.00
-0.16 9.41 -3.62
3.85 10.46 5.39
1.91 9.50 0.55
3.99 9.63 2.34
2.81 9.47 1.34
-0.35 9.63 -1.33
-1.95 9.93 -4.63
-1.52 9.22 -6.48
-1.18 10.72 4.70
2.89 9.18 -1.38
1.35 9.88 2.93
0.77 9.78 1.35
2.07 9.78 1.60
-1.19 9.16 -3.01
-2.35 9.56 -4.19
-1.48 9.06 -8.75
-0.50 9.54 -6.17
2.71 10.82 5.32
4.19 9.43 0.72
5.00 9.56 2.95
2.76 9.99 3.39
1.50 9.95 0.53
1.07 10.30 0.58
-3.92 9.41 -5.45
0.56 9.75 -2.06
-0.26 9.26 -3.44
1.90 10.44 4.07
2.27 9.43 1.47
5.12 9.30 0.83
2.12 9.18 -1.64
1.43 9.37 -1.43
-2.85 9.97 -3.82
-3.61 9.60 -5.83
-3.43 10.87 5.64
4.06 9.19 -1.29
2.02 9.79 1.99
6.15 10.03 4.05
3.46 9.67 -0.15
0.71 10.17 -0.55
-2.16 9.30 -4.45
-5.82 8.92 -9.57
-2.34 9.58 -5.91
1.10 10.75 5.46
1.48 9.45 -0.04
2.67 9.81 2.44
2.58 9.57 1.68
1.19 9.55 -1.02
-0.49 10.00 -3.79
-3.20 9.16 -5.15
-3.07 10.07 -0.41
-0.07 9.27 -3.39
2.78 10.01 3.57
1.95 9.78 2.18
3.52 9.57 1.58
-1.35 9.08 -3.21
-0.91 9.48 -3.71
-2.22 9.03 -9.02
-1.27 9.54 -5.61
-1.10 11.08 6.14
3.02 9.25 -0.96
2.84 9.75 3.34
5.36 10.45 5.44
1.67 10.06 0.66
-0.94 10.34 0.21
-4.07 9.37 -5.16
-1.14 9.67 -3.58
-0.61 9.53 -5.65
1.68 10.87 5.22
4.17 9.45 0.66
4.62 9.37 1.93
0.34 9.69 2.40
-1.13 9.55 -1.09
-1.05 10.14 -2.39
-4.05 9.39 -5.99
-1.89 10.84 5.22
0.36 9.22 -3.81
3.37 10.13 3.40
1.44 9.72 1.73
3.05 9.76 1.79
-2.12 9.40 -2.00
-2.81 9.63 -2.86
-4.07 9.21 -8.57
-1.74 9.76 -5.56
0.27 10.96 5.92
2.93 9.24 -1.25
3.04 9.81 2.49
5.65 10.08 4.34
2.64 9.65 -0.10
-1.36 10.36 0.28
-4.56 9.14 -5.56
-4.52 9.59 -3.81
-1.75 9.56 -3.98
2.82 10.37 4.42
1.82 9.37 -0.02
3.30 9.71 2.41
1.49 9.86 2.30
1.04 9.58 -1.08
-4.18 10.36 -2.44
-2.65 9.13 -6.09
-1.63 10.50 3.47
0.51 9.33 -1.99
3.79 9.93 3.18
2.00 9.50 1.50
2.85 9.75 2.16
-1.08 9.15 -2.88
-0.82 9.61 -2.61
-0.35 9.13 -8.75
-2.26 9.61 -5.49
2.54 10.99 6.27
3.55 9.46 0.38
1.76 9.72 2.52
4.28 10.31 4.28
2.44 9.93 1.34
0.50 10.03 -0.98
-2.50 9.30 -5.14
-0.85 9.72 -3.21
1.14 9.48 -3.11
1.35 9.68 0.43
1.93 9.68 0.39
1.07 9.46 -0.42
1.60 9.91 0.62
0.56 9.72 -0.83
0.37 9.75 -0.99
-0.05 9.88 -0.32
-0.99 9.68 -1.25
0.18 9.85 -0.36
0.16 9.72 -0.37
-0.75 9.86 -1.04
1.02 9.67 -0.61
0.22 9.77 -0.55
0.26 9.77 -0.71
0.55 9.70 -0.67
0.47 9.70 -0.68
0.59 9.75 -0.69
-0.09 9.83 -0.59
0.85 9.61 -0.49
0.44 9.83 -0.61
0.05 9.65 -0.58
0.64 9.78 -0.52
0.66 9.84 -0.56
0.32 9.76 -0.66
0.35 9.77 -0.83
1.46 9.74 -0.72
1.06 9.64 -0.50
0.24 9.71 -0.80
0.67 9.74 -0.46
0.14 9.71 -0.80
0.73 9.77 -0.77
0.49 9.74 -0.75
0.13 9.90 -0.54
0.50 9.75 -0.55
0.62 9.70 -0.53
0.25 9.71 -0.64
0.29 9.74 -0.43
0.15 9.69 -0.72
0.42 9.70 -0.78
0.89 9.70 -0.82
0.35 9.74 -0.59
0.69 9.73 -0.72
0.77 9.71 -0.42
0.66 9.71 -0.63
0.33 9.73 -0.57
0.42 9.76 -0.52
0.56 9.72 -0.60
0.38 9.77 -0.50
0.52 9.82 -0.62
0.98 9.74 -0.54
0.50 9.77 -0.53
0.51 9.78 -0.56
0.80 9.77 -0.61
0.33 9.79 -0.64
0.48 9.71 -0.71
0.67 9.69 -0.64
0.27 9.74 -0.62
0.14 9.71 -0.86
0.72 9.73 -0.47
0.48 9.72 -0.68
0.56 9.75 -0.72
-0.23 9.77 -0.68
0.40 9.75 -0.64
0.23 9.80 -0.74
0.32 9.67 -0.61
0.41 9.75 -0.58
0.27 9.71 -0.61
0.71 9.70 -0.74
0.33 9.79 -0.62
0.24 9.73 -0.47
0.66 9.74 -0.53
0.78 9.75 -0.61
0.37 9.77 -0.65
0.64 9.76 -0.68
0.61 9.73 -0.63
0.62 9.70 -0.75
0.28 9.64 -0.54
0.60 9.77 -0.61
0.42 9.73 -0.58
0.60 9.73 -0.50
0.19 9.76 -0.80
0.32 9.80 -0.56
0.65 9.71 -0.78
0.51 9.76 -0.74
0.31 9.69 -0.73
0.47 9.72 -0.61
0.61 9.70 -0.78
0.47 9.74 -0.70
-0.00 9.76 -0.50
0.62 9.78 -0.44
0.46 9.70 -0.78
0.05 9.73 -0.71
0.65 9.74 -0.63
0.45 9.73 -0.67
0.43 9.81 -0.79
0.36 9.72 -0.61
0.84 9.73 -0.50
1.02 9.73 -0.60
0.47 9.73 -0.76
0.51 9.75 -0.59
0.13 9.68 -0.61
0.33 9.75 -0.65
0.64 9.75 -0.66
0.55 9.72 -0.57
-0.19 9.78 -0.58
0.35 9.74 -0.48
0.86 9.67 -0.69
0.09 9.73 -0.65
0.81 9.71 -0.69
0.12 9.74 -0.51
0.75 9.77 -0.73
0.49 9.77 -0.56
0.22 9.73 -0.69
0.66 9.71 -0.63
0.10 9.77 -0.83
0.37 9.73 -0.71
0.48 9.80 -0.58
0.22 9.76 -0.60
0.46 9.72 -0.64
0.45 9.78 -0.64
0.22 9.80 -0.73
0.73 9.68 -0.72
0.57 9.75 -0.59
0.31 9.75 -0.57
0.47 9.81 -0.58
0.85 9.71 -0.65
0.46 9.69 -0.57
0.37 9.74 -0.46
0.53 9.75 -0.69
0.39 9.84 -0.48
0.42 9.73 -0.76
0.33 9.70 -0.46
-0.14 9.75 -0.67
0.19 9.77 -0.53
0.32 9.76 -0.58
0.35 9.71 -0.69
0.65 9.69 -0.60
0.89 9.74 -0.62
0.03 9.76 -0.51
0.38 9.81 -0.60
0.70 9.75 -0.63
0.48 9.73 -0.58
0.28 9.81 -0.55
0.06 9.73 -0.48
0.67 9.76 -0.56
0.81 9.69 -0.50
0.79 9.76 -0.63
0.66 9.68 -0.80
0.54 9.68 -0.68
0.56 9.65 -0.71
0.64 9.74 -0.67
0.07 9.78 -0.75
0.45 9.75 -0.73
0.88 9.80 -0.65
0.17 9.74 -0.65
0.43 9.71 -0.73
0.78 9.73 -0.63
0.29 9.74 -0.64
0.36 9.78 -0.55
0.40 9.76 -0.75
0.28 9.72 -0.77
0.67 9.71 -0.67
0.56 9.78 -0.72
0.50 9.76 -0.52
0.42 9.80 -0.65
0.65 9.66 -0.83
0.30 9.68 -0.64
0.49 9.69 -0.73
0.84 9.73 -0.58
0.24 9.73 -0.56
0.50 9.77 -0.58
0.45 9.73 -0.48
-0.03 9.75 -0.52
0.58 9.73 -0.72
0.69 9.78 -0.51
0.57 9.72 -0.69
0.57 9.71 -0.63
0.84 9.72 -0.68
0.69 9.73 -0.50
0.29 9.73 -0.77
0.85 9.75 -0.67
0.78 9.75 -0.88
0.62 9.73 -0.66
0.26 9.59 -0.65
0.89 10.22 -0.90
0.04 9.31 -0.64
0.44 10.27 -0.70
0.38 9.28 -0.69
0.68 9.80 -0.32
0.70 10.06 -0.23
0.52 9.28 -0.29
0.80 10.11 -0.45
0.44 9.44 -0.55
0.46 9.81 -0.58
0.34 9.90 -0.65
0.22 9.44 -0.95
0.19 9.98 -0.98
0.17 9.54 -0.52
0.25 9.72 -0.91
0.32 9.79 -0.89
0.31 9.61 -0.56
0.54 9.99 -0.65
0.37 9.55 -0.46
0.46 9.80 -0.64
0.41 9.76 -0.55
0.47 9.61 -0.40
0.47 9.91 -0.65
0.37 9.60 -0.67
0.47 9.84 -0.59
0.40 9.70 -0.70
0.31 9.61 -0.71
0.39 9.84 -0.75
