-2.65 9.66 -3.36
3.85 11.67 8.39
3.24 8.31 -2.71
2.81 10.33 4.99
0.52 9.68 2.73
0.67 9.35 -0.67
-1.13 12.50 9.79
-0.85 8.42 -6.00
2.57 9.86 2.10
2.80 9.60 1.93
2.58 9.06 -1.64
-0.65 10.14 -3.56
-0.69 8.57 -10.05
-1.43 10.90 2.19
0.85 10.00 1.86
1.98 9.69 2.11
2.30 10.46 2.17
-1.13 8.58 -6.42
-0.83 10.99 3.89
0.40 9.36 -3.59
2.02 9.87 2.82
7.30 10.27 6.08
3.32 9.43 0.06
0.55 10.35 1.23
-1.67 9.00 -5.83
0.12 10.55 1.32
0.62 9.30 -3.46
0.39 9.73 0.89
4.88 9.82 3.35
1.74 9.47 0.21
3.10 10.27 1.18
0.03 9.48 -3.32
-4.68 9.47 -7.03
-1.42 9.81 -3.95
0.84 10.57 4.43
1.71 9.44 1.08
2.61 9.74 2.13
-1.98 9.15 -1.45
0.12 9.54 -1.78
-2.33 9.39 -7.09
-1.44 9.19 -5.18
-1.09 10.64 4.03
1.59 9.16 -1.76
2.50 9.76 2.13
4.33 10.20 3.91
1.20 9.90 0.92
0.47 10.26 0.68
-3.29 9.26 -5.28
-0.77 10.03 -1.59
-2.27 9.68 -4.42
1.39 10.67 4.21
3.52 9.50 0.65
4.02 9.70 2.65
1.82 9.45 0.54
-1.29 9.72 -1.51
-1.11 9.72 -4.59
-3.19 9.39 -5.61
-0.58 10.90 5.47
2.00 9.11 -2.29
2.05 9.92 1.90
3.62 9.97 2.94
3.51 9.78 1.18
0.18 9.91 -0.95
-2.43 9.38 -4.23
-2.91 9.49 -5.39
-0.72 9.56 -4.41
0.99 10.36 4.02
0.77 9.44 0.42
2.87 9.61 1.40
5.40 9.99 3.97
-0.80 9.64 -0.66
0.29 10.35 -0.76
-1.97 9.12 -5.28
-2.26 10.60 3.63
1.60 9.27 -1.24
1.47 9.93 2.16
4.61 10.14 3.29
2.74 9.55 1.51
-2.33 9.21 -2.63
-1.36 9.57 -3.10
-1.28 9.04 -8.88
-1.66 9.51 -5.81
1.52 10.77 4.46
3.21 9.52 -0.15
2.66 9.58 1.79
2.34 10.15 3.60
1.68 9.94 1.12
-0.83 10.26 0.25
-2.93 9.24 -5.05
-1.09 9.60 -3.18
-1.35 9.25 -4.26
2.16 10.22 3.31
1.73 9.62 1.57
3.72 9.57 1.60
-3.46 9.45 -1.77
-0.93 9.70 -1.14
-0.99 10.10 -2.29
-2.75 9.21 -5.89
-2.31 10.59 4.31
3.60 9.00 -1.71
3.42 9.72 2.04
3.14 10.03 3.06
2.51 9.64 -0.10
-1.03 10.21 -0.05
-3.90 9.58 -3.57
-4.27 9.39 -8.20
-2.78 9.88 -4.91
1.38 10.95 6.01
1.28 9.51 -0.00
3.75 9.71 2.68
3.95 9.70 2.65
0.15 9.57 -0.93
-3.04 10.26 -2.29
-3.54 9.14 -5.30
-2.85 9.68 -2.67
-0.55 9.31 -3.69
1.84 10.07 3.53
2.29 9.35 1.17
3.38 9.53 1.32
-2.48 9.20 -2.99
-2.20 9.58 -3.17
-2.52 9.10 -8.46
-1.78 9.38 -5.50
-0.45 10.76 5.02
2.36 9.51 -0.42
2.08 9.74 2.66
3.59 10.54 4.90
0.73 10.00 0.66
-0.08 10.07 0.04
-2.97 9.34 -5.47
-1.60 8.99 -8.71
-0.50 9.70 -4.71
1.34 10.85 4.70
3.41 9.57 0.79
3.12 9.48 2.24
0.66 9.89 2.09
0.01 9.70 -1.33
-1.39 10.18 -2.17
-3.92 9.27 -6.06
-2.28 10.66 4.32
-1.11 9.28 -3.57
2.95 10.11 2.99
0.86 9.69 1.55
3.50 9.61 1.03
-0.40 9.47 -1.50
-2.47 9.39 -3.27
-4.29 9.11 -8.51
0.08 9.70 -5.00
0.00 10.89 5.80
2.21 9.13 -1.52
2.66 9.76 2.27
6.64 9.94 4.32
2.64 9.70 0.33
-2.15 10.43 -0.21
-1.77 9.20 -4.63
-3.45 9.70 -3.04
-0.97 9.43 -3.63
2.53 10.09 3.63
1.62 9.47 0.16
3.38 9.59 1.97
1.88 9.61 1.67
-0.10 9.52 -1.48
-1.78 9.85 -3.92
-1.93 9.11 -5.92
-0.23 10.64 4.74
3.00 9.24 -1.58
2.13 10.01 2.62
0.02 9.71 1.32
2.88 9.65 1.73
-1.08 9.18 -2.84
-3.03 9.58 -3.78
-2.20 9.07 -8.40
-0.74 9.64 -5.19
1.86 10.83 5.01
2.97 9.51 0.31
2.74 9.68 2.16
1.19 9.89 2.21
-0.96 10.14 0.46
-0.35 10.28 0.16
-3.16 9.41 -4.89
-0.64 9.80 -1.85
-0.44 9.12 -3.84
3.29 10.15 3.44
1.97 9.59 1.46
3.82 9.37 0.70
-0.19 9.12 -2.39
-1.53 9.48 -1.64
-2.83 9.92 -3.62
-3.26 9.42 -5.32
-1.89 10.92 5.64
3.09 9.35 -0.73
2.73 9.84 2.68
6.10 10.24 4.79
1.75 9.68 -0.13
-0.14 10.37 0.72
-2.77 9.41 -3.97
-3.48 9.09 -8.43
-1.00 9.71 -5.31
-0.19 10.73 5.33
2.62 9.38 0.21
3.34 9.72 2.14
0.72 9.54 0.99
0.31 9.52 -1.50
-2.82 10.03 -3.42
-3.65 9.18 -5.17
-2.95 9.87 -1.08
-1.90 9.19 -3.93
3.13 10.09 3.25
2.23 9.68 1.74
2.84 9.63 1.14
-2.35 9.10 -3.23
-1.43 9.56 -3.36
0.76 8.95 -8.43
-0.28 9.21 -5.47
-0.30 10.75 4.29
2.10 9.38 -0.95
4.21 9.70 2.73
3.59 10.35 4.57
0.95 9.94 0.44
1.54 10.12 0.12
-3.20 9.29 -5.74
-0.66 9.82 -2.84
-0.46 9.54 -5.09
1.51 10.80 4.86
3.63 9.58 0.66
3.87 9.59 2.85
1.16 9.86 2.39
1.07 9.67 -1.16
-0.26 10.20 -1.65
-1.50 9.22 -5.65
-0.14 10.77 4.75
-0.20 9.23 -3.10
2.45 10.03 2.79
2.51 9.57 1.86
3.52 9.53 1.44
-1.83 9.47 -1.60
-1.34 9.41 -3.08
-3.98 9.25 -8.17
-0.97 9.83 -4.88
-1.14 10.82 5.43
3.37 9.15 -1.44
2.34 9.68 1.83
7.24 9.93 3.65
2.67 9.75 -0.14
1.83 10.17 -0.84
-4.75 9.27 -5.51
-3.30 9.65 -2.91
-1.56 9.48 -3.78
2.01 10.27 4.60
3.32 9.46 1.05
3.20 9.72 2.51
3.67 9.52 2.33
-0.70 9.57 -1.50
-3.11 9.92 -4.07
-3.69 9.32 -5.54
-0.38 10.78 5.29
1.80 9.32 -1.10
3.82 9.79 2.90
2.23 9.73 2.20
3.94 9.69 1.84
-1.90 9.15 -2.85
-1.09 9.55 -3.36
-2.02 8.88 -9.04
-0.89 9.55 -5.52
1.95 10.66 4.40
2.35 9.62 0.51
3.12 9.65 2.47
0.38 9.88 3.03
0.79 9.81 0.19
-0.16 10.30 0.13
-3.59 9.41 -5.13
-1.98 9.84 -2.46
-2.96 9.31 -4.48
4.76 10.14 3.38
2.19 9.57 1.21
2.00 9.65 1.14
-0.24 9.02 -3.14
-0.72 9.36 -3.43
-2.26 9.98 -2.93
-2.86 9.35 -5.40
-0.22 10.65 4.86
2.70 9.22 -1.37
2.59 9.89 3.33
4.40 10.07 3.99
2.31 9.76 0.44
0.11 10.07 -0.31
-4.92 9.32 -5.39
-5.31 9.22 -8.58
-2.94 9.81 -5.40
-0.70 10.75 5.46
1.49 9.44 0.05
3.44 9.63 2.25
4.40 9.88 3.49
0.17 9.66 -0.59
-1.68 10.42 -0.72
-1.93 9.28 -5.32
-2.21 9.63 -3.05
-2.48 9.59 -3.36
2.06 9.88 1.80
1.84 9.66 1.66
2.60 9.63 1.23
1.32 9.82 0.47
0.37 9.75 -1.44
-1.37 9.89 -1.00
-0.44 9.96 -1.00
-0.58 9.55 -1.38
0.52 9.77 -0.61
0.34 9.55 -1.00
0.86 9.76 -0.97
1.56 9.73 -0.31
0.42 9.70 -0.80
0.49 9.79 -0.71
0.70 9.73 -0.70
0.57 9.78 -0.93
-0.28 9.61 -0.70
0.22 9.83 -0.63
0.97 9.69 -0.52
-0.13 9.71 -0.91
0.36 9.69 -0.77
0.56 9.73 -0.82
0.52 9.70 -0.39
0.08 9.65 -0.69
0.30 9.76 -0.57
0.00 9.67 -0.54
0.41 9.81 -0.73
0.20 9.63 -0.84
0.64 9.75 -0.42
-0.00 9.74 -0.84
0.36 9.85 -0.74
0.16 9.83 -0.62
0.49 9.77 -0.78
0.39 9.76 -0.60
0.54 9.72 -0.48
0.17 9.71 -0.72
-0.07 9.76 -0.50
0.27 9.77 -0.67
0.46 9.67 -0.61
0.62 9.79 -0.89
0.44 9.75 -0.58
-0.03 9.75 -0.66
0.44 9.75 -0.73
0.74 9.71 -0.65
0.35 9.76 -0.66
0.53 9.69 -0.91
0.14 9.83 -0.64
0.51 9.82 -0.47
-0.02 9.76 -0.55
0.27 9.72 -0.70
0.47 9.75 -0.62
0.24 9.76 -0.64
0.34 9.77 -0.72
0.48 9.72 -0.45
0.35 9.72 -0.58
-0.01 9.77 -0.55
0.01 9.70 -0.50
0.20 9.69 -0.63
0.67 9.72 -0.72
0.81 9.74 -0.48
0.37 9.75 -0.61
0.51 9.72 -0.56
0.75 9.74 -0.67
0.76 9.75 -0.74
0.92 9.65 -0.68
0.27 9.76 -0.75
0.28 9.72 -0.63
0.37 9.69 -0.50
-0.08 9.77 -0.59
0.41 9.73 -0.64
0.42 9.73 -0.76
0.64 9.74 -0.51
0.70 9.69 -0.59
0.26 9.73 -0.73
0.31 9.74 -0.54
0.47 9.75 -0.59
0.10 9.67 -0.56
0.72 9.71 -0.71
0.47 9.73 -0.70
0.75 9.79 -0.62
0.21 9.75 -0.70
0.72 9.72 -0.77
0.93 9.73 -0.59
0.89 9.71 -0.45
0.46 9.66 -0.75
0.45 9.72 -0.74
0.22 9.78 -0.64
-0.09 9.77 -0.57
0.01 9.77 -0.73
-0.17 9.76 -0.53
0.18 9.75 -0.67
0.17 9.75 -0.62
0.37 9.77 -0.67
0.82 9.73 -0.62
0.61 9.81 -0.63
0.49 9.77 -0.48
0.57 9.77 -0.71
0.09 9.73 -0.68
0.39 9.75 -0.51
0.08 9.75 -0.64
0.04 9.78 -0.56
0.38 9.74 -0.70
0.32 9.70 -0.67
0.72 9.74 -0.56
0.70 9.76 -0.62
0.51 9.71 -0.67
0.30 9.71 -0.87
0.37 9.72 -0.56
0.40 9.74 -0.75
0.62 9.77 -0.62
0.25 9.64 -0.67
0.14 9.74 -0.56
0.57 9.77 -0.40
0.41 9.71 -0.49
0.14 9.78 -0.66
0.31 9.78 -0.52
0.28 9.76 -0.81
0.06 9.77 -0.42
0.26 9.77 -0.65
0.78 9.71 -0.61
0.52 9.68 -0.58
0.61 9.71 -0.60
0.74 9.71 -0.58
0.86 9.71 -0.61
0.39 9.74 -0.58
0.58 9.69 -0.53
0.82 9.71 -0.52
0.45 9.78 -0.72
0.40 9.76 -0.65
0.84 9.79 -0.60
0.32 9.68 -0.56
0.43 9.71 -0.72
0.21 9.72 -0.74
0.69 9.75 -0.80
0.07 9.76 -0.48
0.05 9.67 -0.50
0.47 9.69 -0.60
0.19 9.74 -0.69
0.34 9.71 -0.53
0.55 9.77 -0.73
0.54 9.70 -0.73
0.65 9.69 -0.60
0.49 9.76 -0.54
0.64 9.76 -0.69
-0.01 9.68 -0.75
0.48 9.68 -0.52
0.63 9.69 -0.67
0.71 9.70 -0.66
0.64 9.71 -0.55
0.58 9.72 -0.64
0.22 9.73 -0.58
0.36 9.66 -0.90
0.20 9.73 -0.66
0.84 9.75 -0.65
0.74 9.74 -0.63
0.65 9.75 -0.62
0.29 9.74 -0.67
-0.04 9.82 -0.53
0.30 9.70 -0.60
1.00 9.73 -0.66
0.54 9.77 -0.58
0.30 9.77 -0.55
0.39 9.78 -0.66
-0.09 9.72 -0.76
0.26 9.69 -0.71
0.13 9.67 -0.76
-0.14 9.79 -0.91
0.40 9.68 -0.61
0.71 9.71 -0.67
0.03 9.80 -0.67
0.50 9.68 -0.63
0.33 9.73 -0.74
0.25 9.72 -0.62
1.04 9.72 -0.64
0.93 9.65 -0.50
0.11 9.85 -0.38
0.45 9.75 -0.62
0.15 9.81 -0.65
0.41 9.72 -0.62
0.44 9.74 -0.57
0.16 9.73 -0.74
0.81 9.78 -0.62
0.85 9.76 -0.47
0.31 9.68 -0.62
0.59 9.75 -0.55
0.14 9.66 -0.87
0.62 9.42 -0.63
0.49 10.42 -0.54
0.20 9.54 -0.40
-0.17 9.76 -0.85
0.21 9.87 -1.28
-0.09 9.38 -0.58
0.29 10.16 -0.91
0.08 9.46 -0.59
0.27 9.74 -0.66
0.42 10.00 -0.63
0.47 9.49 -0.14
0.72 10.02 -0.57
0.54 9.49 -0.59
0.55 9.80 -0.33
0.51 9.85 -0.58
0.30 9.46 -0.66
0.41 10.00 -0.75
0.20 9.58 -0.66
0.33 9.77 -0.78
0.29 9.82 -0.67
0.30 9.50 -0.80
