1.69 10.77 5.04
-5.57 9.04 -10.29
-3.96 8.99 -7.56
0.09 11.28 6.96
6.90 8.66 -3.27
2.74 9.66 1.87
-0.73 8.76 -8.98
1.61 9.04 -7.08
2.36 11.65 10.58
2.11 9.03 -1.28
1.06 10.08 3.89
4.76 9.00 1.33
1.56 9.21 -2.30
-4.57 9.51 -7.60
-1.10 9.23 -7.93
-1.59 10.78 3.07
0.90 10.16 2.91
3.02 9.72 1.57
4.02 10.61 2.88
-0.69 9.14 -4.71
-1.34 9.79 -4.02
-1.56 9.33 -4.39
1.22 10.18 2.40
1.86 9.60 1.51
0.53 9.42 0.05
1.57 9.77 -0.92
-1.80 9.38 -4.88
-4.01 9.82 -4.31
-1.36 9.83 -4.61
0.67 10.58 4.00
0.46 9.53 0.07
1.80 9.75 1.61
0.81 9.32 0.19
0.48 9.49 -1.80
-3.12 9.65 -5.41
-0.16 9.38 -4.89
1.61 10.74 4.51
2.06 9.43 -0.41
1.49 10.14 2.32
3.29 9.94 2.74
1.96 9.87 1.06
0.14 9.81 -1.06
-2.94 9.43 -4.27
-0.14 9.49 -5.37
-1.21 9.32 -4.81
2.58 10.49 4.11
1.15 9.41 0.63
3.03 9.80 2.83
2.10 9.90 2.72
-0.61 9.68 -0.63
-0.96 10.11 -1.56
-2.77 9.15 -5.83
-0.70 10.53 3.61
1.71 9.15 -1.90
2.57 9.83 2.09
3.29 10.10 3.22
3.94 9.53 1.40
-0.82 9.28 -1.78
-2.13 9.50 -2.87
-3.07 9.20 -7.66
-2.74 9.85 -5.13
0.32 10.80 5.38
3.23 9.37 -0.06
3.23 9.71 1.97
5.56 9.66 2.77
2.44 9.67 -0.28
0.16 10.28 -0.62
-2.67 9.42 -4.76
-4.15 9.72 -3.87
-1.70 9.41 -3.81
2.51 10.35 4.30
1.62 9.53 1.12
3.61 9.62 1.77
-2.12 9.21 -2.03
-1.83 9.63 -1.27
-1.40 10.12 -2.89
-1.41 9.10 -5.46
-1.95 10.69 4.08
0.99 9.25 -1.42
2.44 9.82 2.58
4.09 10.15 3.24
2.21 9.92 1.23
-2.03 9.90 -1.53
-1.30 9.60 -3.24
-0.93 9.04 -8.64
-2.08 9.50 -5.80
1.37 10.97 4.90
3.78 9.53 0.40
3.11 9.56 1.61
1.41 10.20 3.36
0.72 9.70 -0.53
-1.93 10.50 0.37
-3.64 9.52 -4.69
0.08 9.58 -4.08
-2.42 9.41 -4.77
2.80 10.34 3.48
2.75 9.52 0.92
2.25 9.70 1.34
-1.11 9.16 -1.70
-1.72 9.47 -2.50
-3.22 9.44 -7.24
-1.61 9.68 -5.29
-1.95 10.47 2.89
1.09 9.14 -2.27
3.74 9.87 2.71
4.54 9.85 2.85
0.99 9.86 0.77
-0.16 9.74 -1.43
-2.08 9.42 -4.23
-5.54 9.36 -6.77
0.19 9.73 -4.46
-1.22 10.88 6.07
2.92 9.51 -0.00
1.94 9.77 1.86
6.24 9.99 4.26
-0.44 9.74 -0.47
-1.18 10.51 0.03
-3.77 9.15 -5.45
-2.08 10.31 1.66
-0.03 9.20 -2.75
0.88 10.46 4.46
2.13 9.43 1.33
3.50 9.63 2.37
-1.91 9.37 -1.03
-1.72 9.54 -2.49
-1.04 9.42 -6.75
-1.83 9.38 -6.10
0.71 10.87 4.42
2.26 9.60 -0.47
1.81 9.93 2.35
2.04 9.91 2.25
1.86 9.82 1.21
-0.44 9.45 -2.76
-1.73 9.38 -4.44
-0.11 9.10 -7.46
-0.20 9.42 -4.94
2.01 10.66 5.06
1.79 9.52 0.90
3.29 9.51 2.45
4.20 10.46 5.63
0.00 9.96 0.06
1.83 10.41 0.82
-3.49 9.34 -5.14
0.03 10.16 0.17
1.17 9.08 -3.07
3.00 10.19 3.72
1.60 9.45 0.84
3.78 9.45 0.60
0.23 9.44 -0.10
0.50 9.42 -1.82
-2.44 9.76 -4.81
-2.25 9.40 -5.45
-2.49 11.00 6.66
4.10 9.22 -0.55
3.43 9.92 2.78
6.03 10.10 4.65
3.20 9.76 -0.14
-0.34 10.37 -0.45
-2.67 9.36 -3.91
-4.44 9.26 -7.94
0.11 9.77 -4.86
0.95 10.82 6.04
-0.46 9.72 1.01
3.32 9.76 2.84
4.45 9.54 2.36
-0.52 9.60 -1.02
-2.53 9.94 -4.54
-2.89 9.12 -5.98
-2.98 10.03 -0.91
-0.66 9.40 -3.11
1.34 10.06 3.39
1.35 9.59 1.57
2.85 9.75 1.95
-0.76 9.14 -2.90
-0.68 9.55 -3.62
-1.67 9.11 -8.65
-3.39 9.27 -5.85
-0.73 10.80 4.85
1.21 9.38 -0.95
3.54 9.71 2.27
4.99 10.22 3.75
2.20 9.83 0.05
0.49 10.09 -0.61
-3.62 9.33 -5.49
-1.58 8.94 -8.87
-0.92 9.50 -5.27
2.11 10.82 4.41
2.12 9.68 0.76
3.38 9.63 2.29
-0.82 10.00 2.14
0.85 9.65 -0.80
-2.79 10.33 -1.62
-3.58 9.42 -5.50
-1.12 9.99 -1.55
0.15 9.33 -3.67
3.43 10.13 3.88
3.33 9.59 1.71
5.26 9.64 1.19
0.10 9.14 -2.19
-2.60 9.47 -3.49
-5.37 9.13 -9.12
-2.01 9.77 -4.94
-0.04 10.78 5.58
3.13 9.06 -1.87
3.60 9.91 2.46
5.67 10.11 4.06
1.67 9.83 0.81
0.51 10.22 -0.41
-2.28 9.28 -4.35
-3.61 9.50 -4.79
-0.84 9.46 -4.23
0.33 10.80 5.42
1.62 9.49 0.07
3.07 9.64 2.14
4.30 9.78 3.13
0.86 9.52 -0.54
-0.34 10.36 -0.91
-2.59 9.18 -5.98
-1.62 10.46 3.20
1.12 9.31 -1.82
2.23 9.96 2.90
0.76 9.53 0.96
3.39 9.65 2.29
-2.03 9.13 -2.52
-2.20 9.56 -2.46
-2.02 9.10 -8.23
0.53 9.58 -5.08
1.29 10.91 5.75
4.15 9.46 0.15
3.48 9.69 2.86
3.17 10.39 4.59
1.93 9.98 1.18
-0.58 9.82 -1.78
-2.75 9.39 -4.56
-1.86 9.21 -6.75
-1.57 9.45 -5.02
3.07 10.49 4.28
2.34 9.58 1.28
3.22 9.62 2.36
-0.57 9.56 0.00
0.23 9.69 -0.61
-0.83 10.48 0.45
-2.62 9.15 -5.87
-1.91 10.11 0.70
1.28 9.08 -2.80
4.25 10.02 3.35
2.01 9.65 1.96
3.92 9.57 0.99
0.04 9.43 -2.13
-1.14 9.48 -2.08
-3.21 9.68 -5.77
-1.81 9.61 -5.11
-0.47 10.75 5.75
3.12 9.27 -0.82
3.15 9.71 2.68
5.78 10.10 4.05
2.24 9.80 0.17
-1.72 10.36 -0.96
-3.64 9.21 -5.37
-4.51 9.12 -8.07
-0.69 9.77 -5.02
-0.03 10.78 5.54
2.31 9.43 0.20
2.67 9.70 2.24
3.38 9.62 2.05
-0.18 9.70 -0.81
-3.16 10.03 -3.88
-1.12 9.14 -5.47
-2.14 9.83 -1.22
-1.68 9.37 -3.55
0.90 10.13 3.21
0.59 9.68 1.48
1.52 9.78 1.59
-2.30 9.16 -3.13
-2.01 9.64 -3.60
-1.92 9.07 -9.07
-0.22 9.54 -5.80
-1.52 10.86 5.05
2.26 9.21 -1.29
4.35 9.64 2.23
4.71 10.42 4.22
2.30 9.82 0.54
-0.95 10.24 -0.44
-2.69 9.41 -4.83
-1.39 9.57 -4.41
-1.12 9.41 -4.27
2.12 10.75 4.64
4.37 9.50 0.55
3.29 9.62 2.48
0.22 10.10 2.99
0.50 9.57 -0.69
-1.31 10.26 -0.66
-3.55 9.42 -5.17
-1.86 10.60 3.53
2.08 9.17 -2.29
3.30 10.24 3.18
2.10 9.40 1.04
3.89 9.36 0.73
-1.98 9.50 -1.31
-0.89 9.41 -2.60
-2.01 10.15 -0.95
-2.35 9.62 -2.86
0.16 9.69 -0.41
1.48 9.85 0.25
-0.12 9.47 -0.68
1.12 9.77 -0.11
0.92 9.78 -0.54
1.18 9.61 -0.84
0.40 9.83 -0.42
0.31 9.77 -0.71
0.64 9.63 -0.91
-0.11 9.71 -0.51
0.38 9.85 -0.60
0.30 9.61 -0.70
0.21 9.82 -0.59
0.61 9.69 -0.67
0.18 9.74 -0.51
0.83 9.75 -0.62
0.19 9.74 -0.92
0.49 9.74 -0.34
0.29 9.70 -0.62
0.31 9.77 -0.80
-0.02 9.77 -0.22
0.19 9.82 -0.68
0.34 9.81 -0.61
0.84 9.60 -0.67
-0.02 9.88 -0.48
0.12 9.78 -0.60
0.79 9.74 -0.55
0.65 9.80 -0.74
-0.09 9.83 -0.85
0.54 9.73 -0.69
0.43 9.78 -0.67
0.89 9.72 -0.48
0.55 9.73 -0.56
0.62 9.74 -0.60
0.97 9.65 -0.62
0.12 9.82 -0.62
0.56 9.80 -0.65
0.34 9.72 -0.55
0.43 9.78 -0.65
0.15 9.75 -0.61
0.29 9.74 -0.55
0.71 9.79 -0.63
0.25 9.71 -0.67
-0.10 9.69 -0.71
0.44 9.79 -0.70
0.21 9.77 -0.58
0.28 9.80 -0.72
0.22 9.77 -0.73
0.38 9.77 -0.61
0.58 9.72 -0.63
0.58 9.72 -0.74
0.55 9.72 -0.56
0.45 9.72 -0.61
0.39 9.73 -0.51
0.49 9.75 -0.65
0.59 9.73 -0.72
1.03 9.70 -0.61
0.30 9.70 -0.86
0.10 9.77 -0.56
0.51 9.76 -0.56
0.19 9.75 -0.46
0.27 9.76 -0.55
0.52 9.71 -0.52
0.36 9.70 -0.55
0.54 9.67 -0.66
0.52 9.73 -0.73
0.67 9.74 -0.57
0.65 9.74 -0.73
0.65 9.71 -0.91
0.45 9.72 -0.67
-0.11 9.75 -0.72
-0.07 9.74 -0.68
0.31 9.67 -0.72
0.66 9.66 -0.65
0.87 9.76 -0.45
0.42 9.75 -0.63
0.04 9.70 -0.68
0.55 9.70 -0.62
0.37 9.82 -0.71
0.43 9.73 -0.83
0.47 9.66 -0.66
0.89 9.71 -0.58
0.67 9.71 -0.64
0.63 9.74 -0.63
0.73 9.72 -0.53
0.25 9.72 -0.69
0.53 9.76 -0.56
0.71 9.69 -0.51
0.42 9.75 -0.55
0.69 9.71 -0.63
0.93 9.71 -0.76
0.34 9.75 -0.53
0.71 9.65 -0.82
-0.13 9.74 -0.63
0.87 9.77 -0.51
0.28 9.73 -0.53
0.58 9.77 -0.68
0.92 9.72 -0.73
0.29 9.82 -0.67
-0.03 9.76 -0.62
0.50 9.70 -0.55
0.50 9.75 -0.55
0.36 9.76 -0.61
0.32 9.72 -0.47
0.55 9.77 -0.66
0.63 9.72 -0.50
0.32 9.71 -0.66
0.52 9.75 -0.54
0.58 9.71 -0.66
0.49 9.72 -0.56
0.52 9.78 -0.50
0.07 9.72 -0.61
0.77 9.72 -0.48
0.26 9.81 -0.47
0.71 9.66 -0.66
0.29 9.70 -0.60
0.36 9.73 -0.56
1.16 9.69 -0.66
0.20 9.72 -0.81
0.47 9.73 -0.66
0.33 9.73 -0.56
0.25 9.78 -0.62
0.48 9.69 -0.70
0.36 9.72 -0.73
0.61 9.67 -0.71
0.31 9.77 -0.57
0.57 9.76 -0.58
0.75 9.77 -0.64
0.30 9.73 -0.82
0.22 9.79 -0.52
0.81 9.69 -0.58
0.57 9.72 -0.71
0.33 9.69 -0.68
0.37 9.73 -0.64
0.89 9.73 -0.66
0.75 9.79 -0.64
0.35 9.71 -0.84
0.32 9.78 -0.68
0.38 9.79 -0.60
0.23 9.74 -0.57
-0.06 9.71 -0.71
0.33 9.66 -0.76
0.31 9.66 -0.67
0.54 9.76 -0.68
0.15 9.72 -0.53
0.35 9.76 -0.55
0.33 9.79 -0.59
0.49 9.83 -0.68
0.34 9.78 -0.66
0.30 9.75 -0.61
0.66 9.76 -0.68
0.97 9.73 -0.65
0.33 9.72 -0.69
0.43 9.71 -0.80
0.90 9.80 -0.57
0.56 9.74 -0.63
0.51 9.79 -0.52
0.55 9.82 -0.57
0.85 9.76 -0.62
0.71 9.71 -0.55
0.12 9.70 -0.66
0.36 9.71 -0.75
0.67 9.71 -0.59
0.18 9.77 -0.67
0.72 9.72 -0.74
0.10 9.72 -0.79
0.45 9.67 -0.59
0.75 9.69 -0.79
0.12 9.74 -0.65
0.90 9.70 -0.47
0.18 9.75 -0.45
0.66 9.68 -0.79
0.35 9.79 -0.56
0.50 9.75 -0.77
0.22 9.76 -0.65
0.48 9.74 -0.60
0.09 9.70 -0.59
0.67 9.72 -0.55
0.32 9.74 -0.47
0.32 9.69 -0.75
0.52 9.77 -0.69
0.19 9.73 -0.69
0.45 9.40 -0.50
0.53 10.27 -0.46
0.40 9.68 -0.26
-0.36 9.69 -0.75
0.14 9.99 -1.24
-0.04 9.37 -0.57
0.33 10.04 -1.05
0.17 9.66 -0.75
0.19 9.59 -0.70
0.34 9.99 -0.75
0.20 9.45 -0.27
0.53 10.11 -0.66
0.55 9.52 -0.50
0.51 9.78 -0.28
0.58 9.92 -0.43
0.41 9.51 -0.65
0.56 10.08 -0.64
0.34 9.57 -0.51
0.44 9.71 -0.60
0.31 9.86 -0.77
0.31 9.47 -0.74
0.41 9.96 -0.78
0.34 9.57 -0.55
0.37 9.78 -0.75
0.33 9.74 -0.70
0.37 9.59 -0.40
0.51 9.88 -0.70
