1.07 10.00 1.03
-3.26 8.74 -5.04
-0.21 8.85 -5.38
1.32 10.27 1.86
-4.19 7.83 -11.88
-2.53 9.96 -0.83
-0.62 11.78 6.94
3.32 8.64 -2.37
2.41 10.50 5.41
-2.43 9.26 -3.55
-0.02 8.97 -4.33
-0.41 12.57 10.76
4.78 8.39 -2.54
2.91 9.73 2.23
3.80 10.00 2.09
-0.28 8.99 -3.46
-0.62 11.02 3.81
-0.46 8.56 -7.23
2.15 10.03 2.00
4.69 10.02 3.49
1.82 9.15 -0.48
-2.34 10.32 -2.83
-1.55 8.84 -6.28
0.65 11.16 5.91
1.68 9.43 -1.63
1.46 9.77 1.40
4.46 10.14 3.64
2.08 9.25 -1.28
0.12 10.24 -0.53
-1.71 9.34 -4.34
-0.00 10.56 2.71
2.38 9.45 -1.47
1.19 9.76 1.57
5.80 9.74 2.13
1.90 9.65 -0.28
1.99 10.14 0.81
-2.37 9.42 -4.10
-2.50 10.10 -1.25
-2.06 9.59 -2.13
0.37 10.06 1.24
-0.28 9.67 1.00
1.92 9.75 1.06
-2.62 9.25 -2.25
1.16 9.58 -2.27
-5.50 9.61 -6.17
-1.67 9.61 -4.13
0.61 10.42 3.29
1.24 9.63 0.16
2.46 10.02 2.07
6.50 9.87 2.57
0.83 9.89 0.33
0.96 10.14 -0.13
-2.74 9.40 -4.23
-0.81 9.99 -0.74
-0.69 9.28 -2.38
1.61 10.06 3.05
1.81 9.43 0.69
2.94 9.58 1.20
-0.41 9.50 -0.22
-0.22 9.47 -1.67
-3.54 9.83 -3.15
-2.02 9.57 -4.19
-0.85 10.43 2.96
2.19 9.44 -0.31
2.14 9.73 1.29
7.37 9.90 2.68
2.39 9.72 0.37
1.06 9.52 -2.34
-2.23 9.67 -3.42
-1.43 9.56 -4.39
-0.95 9.92 -2.92
1.22 10.36 3.65
2.10 9.47 0.67
2.95 9.65 1.20
0.26 9.53 0.16
-0.51 9.58 -1.65
-0.29 10.44 0.82
-2.77 9.25 -4.62
-1.65 10.05 0.21
0.78 9.33 -1.90
1.27 9.96 2.18
2.48 9.72 1.32
2.69 9.81 1.23
-1.35 9.39 -2.75
0.16 9.53 -1.66
-2.26 9.72 -4.42
-1.92 9.44 -4.52
0.02 10.37 3.12
3.02 9.49 -0.23
2.83 9.84 1.54
5.18 10.18 2.92
1.60 9.74 -0.10
1.42 10.17 0.36
-0.83 9.67 -3.35
-1.14 9.39 -5.51
-1.55 9.64 -3.95
2.10 10.27 2.55
1.61 9.69 1.08
2.40 9.67 1.83
-2.28 9.76 0.59
-0.28 9.60 -1.09
-1.39 10.36 -0.09
-1.69 9.44 -3.78
-1.07 9.90 -1.00
-0.96 9.30 -3.29
4.00 9.93 2.57
1.35 9.49 0.60
3.38 9.68 1.21
-1.10 9.31 -1.88
-1.95 9.55 -2.63
-4.59 9.55 -5.70
-1.00 9.77 -3.73
-1.01 10.36 2.98
1.41 9.33 -1.57
2.34 9.88 1.90
4.47 9.80 2.07
2.71 9.69 0.31
1.21 9.61 -1.59
-1.93 9.54 -3.64
-3.85 9.58 -4.84
-1.86 9.69 -3.34
1.01 10.21 3.19
2.51 9.61 -0.03
2.37 9.78 1.32
5.20 9.95 2.44
0.35 9.72 -0.70
-0.48 10.36 0.58
-1.84 9.30 -4.19
-1.78 9.89 -0.17
1.00 9.34 -1.85
1.16 9.98 2.30
1.31 9.69 1.42
3.43 9.72 1.89
1.27 9.46 -0.00
-0.73 9.49 -2.31
-3.25 10.03 -3.36
-1.67 9.42 -4.82
-0.44 10.32 2.85
1.95 9.44 -0.82
2.84 9.77 1.78
4.41 10.18 3.17
3.83 9.81 1.73
-1.26 9.25 -2.94
-1.01 9.55 -3.04
-2.06 9.34 -6.52
0.00 9.77 -3.36
1.13 10.56 3.51
4.11 9.53 0.23
3.12 9.61 1.43
2.27 10.19 3.22
1.34 9.90 0.11
-0.03 9.88 -1.27
-2.51 9.58 -4.07
-0.49 9.58 -4.25
-1.77 9.50 -3.46
2.49 10.24 3.17
0.48 9.68 0.67
3.02 9.62 1.62
0.78 9.43 -0.16
-1.84 9.49 -2.17
0.21 10.33 0.66
-2.67 9.23 -5.08
0.94 9.99 0.87
0.92 9.05 -2.48
3.44 9.82 2.58
1.41 9.53 0.61
3.33 9.65 0.59
-0.40 9.27 -3.24
-2.44 9.65 -3.28
-1.88 9.84 -3.33
-1.38 9.48 -4.48
-1.66 10.45 3.38
1.99 9.34 -0.75
2.68 9.78 1.57
5.60 9.98 2.71
2.70 9.88 0.12
-1.41 10.10 -0.92
-3.81 9.35 -4.80
-2.48 9.70 -2.98
-1.62 9.74 -4.33
-0.09 10.47 3.29
2.36 9.59 0.35
3.41 9.70 1.37
3.32 9.91 2.63
-0.55 9.72 -0.69
-2.96 10.41 -0.50
-1.36 9.15 -4.45
-2.20 10.21 1.78
-2.13 9.71 -2.96
1.67 10.15 3.24
0.34 9.70 1.11
2.19 9.65 1.56
-3.61 9.35 -1.94
-1.30 9.56 -2.29
-2.26 9.64 -5.27
-0.25 9.40 -4.73
0.06 10.44 3.05
2.66 9.21 -1.32
2.57 9.99 2.73
2.52 9.81 1.82
4.34 9.73 1.00
-2.58 9.35 -3.59
-0.67 9.71 -3.49
-1.14 9.15 -6.89
-1.45 9.62 -4.28
1.52 10.57 3.35
3.55 9.48 -0.02
2.98 9.94 2.67
3.38 10.02 1.61
0.03 9.99 -0.49
1.00 10.15 -0.05
-3.56 9.53 -4.71
-2.07 9.73 -2.27
-0.81 9.17 -3.87
2.77 10.17 3.05
3.43 9.67 0.68
3.08 9.58 1.45
0.74 9.86 1.37
0.01 9.62 -0.96
-0.51 10.41 0.37
-3.09 9.30 -4.50
-1.74 10.28 2.51
0.98 9.22 -1.89
1.99 9.90 2.01
4.15 9.71 1.56
2.42 9.69 1.37
-2.71 9.36 -1.75
0.07 9.60 -1.95
-3.51 9.82 -4.50
-1.64 9.73 -3.93
-1.89 10.71 4.25
1.98 9.65 0.09
2.94 9.71 1.31
6.34 10.10 3.42
1.04 9.82 -0.15
-0.74 9.36 -2.79
-0.44 9.39 -3.46
-3.99 9.42 -6.61
-1.71 9.86 -3.90
3.82 10.27 3.69
-0.34 9.72 0.89
1.28 9.60 1.46
0.94 9.60 0.74
-1.28 9.66 -1.50
1.89 10.19 -0.00
-3.50 9.43 -4.46
-2.64 9.74 -2.47
0.13 9.36 -2.98
2.00 10.02 2.91
1.70 9.47 0.72
3.07 9.63 1.33
-1.57 9.18 -2.44
0.11 9.58 -2.47
-1.91 10.21 -0.98
-2.34 9.36 -4.64
-0.71 10.27 2.51
1.35 9.31 -0.84
2.04 9.98 2.00
3.84 9.86 2.37
2.38 9.86 0.72
-0.17 9.58 -2.51
-1.93 9.66 -3.69
-1.41 9.51 -5.70
-1.59 9.58 -4.51
0.44 10.55 3.53
3.80 9.56 0.09
2.74 9.74 1.67
4.62 10.27 3.75
0.80 9.88 -0.17
2.21 10.32 0.70
-3.62 9.38 -4.75
-2.05 9.33 -6.23
-1.40 9.79 -3.65
1.48 10.47 3.44
4.73 9.63 1.03
2.64 9.49 1.51
-0.01 9.80 1.79
-0.16 9.45 -1.17
-1.42 10.19 -0.52
-2.70 9.34 -4.59
-2.59 9.67 -2.73
-0.61 9.33 -3.32
3.26 10.05 2.83
1.06 9.43 0.25
3.90 9.61 1.25
-1.85 9.41 -1.85
-0.31 9.58 -1.97
-2.85 9.59 -5.02
-0.41 9.61 -4.40
-1.48 10.47 3.36
1.04 9.16 -2.11
3.03 9.83 2.11
3.38 9.59 1.04
1.89 9.80 0.61
-1.20 9.54 -2.43
-1.93 9.65 -3.31
-3.07 9.49 -5.44
-0.57 9.75 -3.92
0.35 10.45 3.13
3.55 9.58 0.33
1.90 9.74 1.54
5.29 9.95 2.54
1.29 9.70 -0.21
-0.26 10.11 -1.23
-2.72 9.44 -4.20
-1.88 9.72 -1.98
0.63 9.63 -1.59
1.62 9.67 0.54
2.19 9.81 0.71
0.65 9.66 0.20
1.30 9.77 0.26
1.08 9.79 -0.24
0.28 9.71 -1.06
-0.13 9.86 -0.72
-0.61 9.66 -1.05
0.42 9.78 -0.75
0.06 9.63 -0.61
0.19 9.83 -0.66
0.92 9.63 -0.61
0.68 9.76 -0.46
0.69 9.77 -0.69
0.65 9.78 -0.88
-0.43 9.72 -0.83
-0.02 9.63 -0.95
-0.19 9.83 -0.59
0.94 9.62 -0.50
0.37 9.82 -0.63
0.36 9.67 -0.85
0.22 9.85 -0.71
0.61 9.79 -0.68
0.01 9.70 -0.91
0.24 9.74 -0.97
0.26 9.76 -0.79
0.42 9.64 -0.59
0.02 9.67 -0.47
0.38 9.71 -0.54
0.50 9.69 -0.71
-0.12 9.78 -0.64
-0.16 9.82 -0.89
0.77 9.78 -0.62
0.25 9.70 -0.57
0.57 9.73 -0.43
0.35 9.79 -0.50
0.26 9.78 -0.55
0.89 9.75 -0.52
0.27 9.72 -0.69
0.36 9.70 -0.79
0.60 9.75 -0.87
0.43 9.77 -0.61
0.23 9.72 -0.60
0.29 9.74 -0.65
0.10 9.78 -0.70
-0.06 9.74 -0.61
0.64 9.69 -0.59
0.06 9.78 -0.72
0.73 9.71 -0.46
0.66 9.71 -0.61
-0.05 9.68 -0.74
0.63 9.74 -0.55
0.27 9.77 -0.58
0.57 9.71 -0.61
0.14 9.77 -0.71
-0.07 9.77 -0.57
0.13 9.74 -0.70
0.77 9.75 -0.69
0.23 9.73 -0.73
0.65 9.68 -0.63
-0.01 9.79 -0.56
-0.03 9.73 -0.60
0.61 9.70 -0.55
0.30 9.82 -0.51
0.61 9.73 -0.68
0.57 9.70 -0.65
0.42 9.69 -0.67
0.69 9.81 -0.67
0.53 9.73 -0.65
0.46 9.68 -0.87
0.28 9.70 -0.81
0.33 9.73 -0.60
0.57 9.73 -0.64
0.52 9.73 -0.55
0.37 9.72 -0.59
0.72 9.77 -0.51
0.49 9.71 -0.61
0.24 9.72 -0.69
-0.12 9.75 -0.81
0.06 9.77 -0.53
0.07 9.68 -0.67
0.05 9.75 -0.76
0.23 9.71 -0.71
0.35 9.76 -0.63
0.55 9.76 -0.76
0.81 9.78 -0.45
0.76 9.69 -0.55
0.86 9.72 -0.70
0.71 9.72 -0.79
0.46 9.79 -0.59
0.30 9.69 -0.89
0.41 9.68 -0.74
0.51 9.72 -0.62
0.51 9.71 -0.73
-0.14 9.75 -0.60
0.28 9.74 -0.49
0.34 9.76 -0.56
0.55 9.76 -0.59
0.55 9.83 -0.62
-0.15 9.75 -0.73
0.08 9.85 -0.69
0.33 9.72 -0.68
0.21 9.74 -0.53
-0.08 9.69 -0.63
0.29 9.75 -0.59
0.80 9.71 -0.57
0.74 9.76 -0.54
-0.14 9.80 -0.52
0.57 9.71 -0.71
0.38 9.74 -0.71
0.22 9.74 -0.63
1.15 9.66 -0.56
0.17 9.74 -0.55
0.17 9.78 -0.69
0.20 9.73 -0.84
0.54 9.71 -0.61
0.47 9.76 -0.66
0.11 9.77 -0.64
0.31 9.75 -0.67
0.24 9.74 -0.60
0.59 9.80 -0.50
0.73 9.75 -0.51
0.36 9.73 -0.60
0.64 9.69 -0.57
0.30 9.74 -0.50
0.74 9.73 -0.78
0.34 9.74 -0.54
0.18 9.71 -0.72
0.13 9.75 -0.64
0.14 9.76 -0.59
0.17 9.75 -0.65
0.54 9.77 -0.75
0.32 9.72 -0.55
0.18 9.74 -0.53
0.35 9.74 -0.61
0.60 9.77 -0.77
0.16 9.71 -0.67
0.44 9.76 -0.80
0.25 9.75 -0.51
0.48 9.70 -0.62
0.80 9.71 -0.70
0.36 9.75 -0.77
0.37 9.72 -0.66
0.19 9.77 -0.60
0.14 9.71 -0.55
0.24 9.72 -0.64
0.08 9.74 -0.75
0.34 9.77 -0.66
0.42 9.76 -0.75
1.01 9.72 -0.71
0.33 9.72 -0.76
0.46 9.86 -0.66
0.35 9.81 -0.57
0.36 9.62 -1.01
0.49 9.74 -0.66
0.03 9.81 -0.63
0.12 9.71 -0.63
0.28 9.77 -0.64
0.27 9.76 -0.76
0.18 9.72 -0.53
0.26 9.72 -0.62
1.09 9.67 -0.64
0.03 9.86 -0.48
0.52 9.70 -0.64
0.13 9.76 -0.63
0.02 9.75 -0.52
0.95 9.69 -0.61
0.71 9.76 -0.69
0.21 9.78 -0.49
0.80 9.71 -0.46
0.53 9.72 -0.53
0.30 9.74 -0.57
0.22 9.73 -0.63
0.49 9.74 -0.77
0.74 9.71 -0.67
0.32 9.77 -0.56
0.50 9.68 -0.78
0.41 9.75 -0.78
0.09 9.78 -0.59
0.55 9.68 -0.67
0.01 9.72 -0.67
0.37 9.63 -0.61
-0.09 9.69 -0.67
0.21 9.47 -0.65
-0.03 10.36 -0.85
-0.11 9.25 -0.69
0.26 10.17 -1.05
0.16 9.53 -1.19
0.07 9.58 -0.39
0.45 10.10 -0.56
0.27 9.40 -0.40
0.67 10.11 -0.50
0.52 9.58 -0.46
0.61 9.73 -0.33
0.61 9.99 -0.53
0.36 9.37 -0.77
0.34 9.99 -0.75
0.36 9.63 -0.41
0.27 9.65 -0.79
0.37 9.88 -0.91
0.22 9.45 -0.66
0.42 9.93 -0.78
0.26 9.66 -0.51
0.46 9.76 -0.62
0.48 9.86 -0.58
0.38 9.57 -0.33
0.52 9.87 -0.70
