-1.07 8.39 -8.57
0.56 10.33 3.44
1.48 9.00 0.94
-0.58 9.68 -1.30
-2.80 10.22 -2.12
1.10 8.70 -8.40
3.77 10.52 2.48
4.63 9.85 3.56
2.67 9.45 1.54
2.33 10.63 3.51
0.15 8.47 -6.46
-0.28 10.84 3.76
-0.98 9.27 -3.85
2.14 9.82 2.02
4.47 10.27 5.26
2.30 9.65 0.48
2.69 10.60 2.21
-2.67 9.04 -6.12
-0.74 10.72 2.84
1.66 9.31 -2.26
2.14 9.90 2.31
6.02 9.94 3.88
2.58 9.46 0.26
3.27 10.28 1.92
-0.73 9.42 -3.93
-3.68 9.55 -5.32
-2.02 9.60 -4.06
0.06 10.29 2.70
-1.25 9.50 0.87
2.06 9.76 1.95
-3.03 9.33 -1.75
-0.24 9.46 -2.73
-2.07 9.18 -8.65
0.60 9.57 -5.04
1.62 10.77 5.02
1.89 9.46 -0.37
2.18 9.91 2.20
2.74 10.24 3.41
1.50 9.71 -0.34
0.88 10.41 0.73
-4.08 9.16 -5.31
-0.74 10.15 1.00
-2.00 9.44 -4.65
2.91 10.55 3.70
2.01 9.61 0.95
3.73 9.62 2.01
-2.78 9.37 -0.97
-1.01 9.52 -2.36
-2.31 9.60 -6.16
-1.73 9.74 -4.81
-0.01 11.08 6.38
3.64 9.16 -1.45
2.25 9.89 2.18
4.75 9.89 2.95
2.33 9.66 0.03
1.01 9.91 -1.13
-3.05 9.38 -4.64
-4.68 9.37 -6.49
-0.90 9.55 -4.23
0.36 10.49 4.64
1.53 9.55 -0.02
3.24 9.71 2.42
3.64 9.90 3.63
-1.45 9.55 -1.05
-2.03 10.42 -0.64
-3.26 9.31 -5.09
-1.62 10.33 1.98
2.43 9.14 -2.02
1.86 9.96 2.41
2.91 9.96 2.60
2.81 9.54 1.44
-1.44 9.21 -2.11
-0.06 9.34 -2.57
-4.28 9.28 -7.38
-1.78 9.55 -5.48
2.08 10.79 5.41
3.07 9.49 -0.23
2.92 9.79 2.39
4.12 10.41 4.60
3.29 9.89 1.16
-0.91 9.65 -2.28
-2.23 9.56 -4.32
-0.91 9.21 -6.85
-1.51 9.54 -4.80
3.59 10.49 4.50
3.74 9.40 0.42
1.95 9.55 1.26
0.00 9.35 -0.57
-0.11 9.90 -0.25
1.19 10.39 0.22
-3.22 9.14 -5.60
-1.94 10.24 0.49
0.79 9.23 -2.18
2.22 10.16 3.48
2.23 9.68 1.79
3.34 9.62 0.94
-1.30 9.59 -1.58
-2.04 9.61 -1.79
-1.12 9.62 -4.52
-2.75 9.59 -4.96
-1.29 10.93 5.52
2.91 9.31 -0.27
2.49 9.78 2.16
6.08 10.13 3.85
1.64 9.67 -0.31
1.05 10.28 -0.05
-3.13 9.30 -4.28
-4.32 9.11 -8.21
-1.71 9.74 -4.85
-0.31 10.62 4.97
3.62 9.40 0.17
3.20 9.82 2.51
0.69 9.69 1.83
0.15 9.46 -1.71
-1.39 10.03 -3.03
-3.87 9.36 -5.14
-4.41 9.75 -2.54
-2.06 9.37 -3.63
2.45 10.14 3.70
1.25 9.63 1.60
2.94 9.64 1.68
-2.96 9.05 -2.82
-1.15 9.53 -3.10
-2.16 9.17 -8.51
-3.12 9.06 -5.50
-0.94 10.54 3.89
1.32 9.27 -1.35
3.42 9.88 3.13
5.67 10.21 3.81
1.15 9.88 0.55
-1.70 9.79 -2.10
-2.69 9.65 -4.86
-2.97 9.39 -6.52
0.27 9.44 -4.62
3.33 11.04 6.52
3.96 9.49 0.75
3.72 9.62 2.03
3.24 10.16 3.55
-2.22 9.92 -0.88
-0.95 10.39 -0.30
-4.24 9.21 -5.34
-0.03 10.22 1.87
-0.49 9.36 -4.54
3.30 10.57 4.22
1.92 9.62 1.30
4.18 9.54 2.01
-2.46 9.42 -0.23
-0.53 9.54 -2.10
-1.99 9.79 -4.68
-2.96 9.78 -4.46
-1.51 11.04 6.31
3.95 9.35 -0.49
3.95 9.86 2.83
3.89 9.77 2.33
3.48 9.67 0.73
-0.22 9.52 -2.35
-3.35 9.29 -4.68
-4.53 9.23 -8.14
-1.42 9.88 -4.41
0.46 10.75 5.51
2.12 9.45 0.81
3.70 9.76 2.46
5.81 10.14 4.76
-0.06 9.67 -0.54
-2.29 10.58 0.27
-3.30 9.23 -4.86
-3.37 9.88 -1.27
0.37 9.24 -3.29
2.11 10.10 3.05
1.41 9.64 1.27
2.83 9.69 2.03
0.86 9.33 -0.07
-0.30 9.52 -1.66
-2.77 9.89 -4.52
-2.04 9.27 -5.86
0.98 10.54 4.17
3.11 9.36 -1.12
2.97 9.94 2.88
3.12 10.32 4.13
2.49 9.79 1.57
-0.64 9.10 -3.24
-2.66 9.51 -3.95
-1.27 9.13 -8.43
-2.07 9.65 -5.08
1.41 10.72 4.87
4.50 9.43 0.57
3.17 9.62 2.28
4.95 9.75 2.60
0.68 9.71 -1.05
0.27 10.08 -0.60
-3.05 9.32 -5.25
-1.77 9.46 -4.43
-0.65 9.37 -3.66
3.32 10.37 4.02
2.26 9.52 0.79
3.30 9.54 1.61
-0.68 9.45 -0.37
-2.70 9.48 -2.40
-0.33 10.32 -0.36
-3.05 9.27 -5.65
-0.79 10.48 2.68
1.41 9.08 -2.23
3.25 9.88 2.19
2.62 9.90 2.17
3.87 9.55 0.55
0.41 9.64 -2.12
-2.84 9.41 -4.33
-5.08 9.17 -7.43
-2.27 9.62 -5.62
0.31 10.70 5.27
2.68 9.31 -0.86
3.55 9.83 2.13
5.74 10.04 4.23
1.35 9.66 -0.21
-1.68 10.38 -0.84
-3.35 9.32 -5.11
-5.41 9.35 -6.75
-0.40 9.67 -4.45
1.90 10.70 5.70
0.66 9.66 1.21
3.57 9.56 2.39
1.73 9.43 1.05
-1.72 9.48 -2.34
-2.46 9.85 -4.96
-2.12 9.23 -5.31
0.67 10.69 5.32
0.51 9.24 -3.14
2.31 10.21 3.69
2.24 9.75 2.22
2.81 9.75 1.66
-3.75 9.23 -2.98
-1.47 9.60 -3.32
-4.54 9.19 -9.34
-0.48 9.77 -4.92
2.50 10.95 5.66
1.47 9.42 -0.60
3.03 9.85 3.22
1.51 10.52 3.87
1.26 9.89 0.61
0.88 10.24 0.40
-2.51 9.18 -5.30
-0.37 9.47 -3.77
-0.82 9.32 -3.85
1.63 10.72 4.61
1.58 9.62 0.64
2.55 9.60 2.32
0.34 9.84 2.43
-2.22 9.69 -1.17
-1.70 10.19 -1.04
-4.85 9.29 -5.36
-2.86 10.66 3.93
2.58 9.10 -1.83
4.62 10.16 3.45
1.22 9.53 0.83
2.90 9.60 1.34
-1.61 9.11 -2.62
-2.16 9.46 -2.93
-4.26 9.36 -7.71
-1.05 9.86 -4.37
-0.26 11.11 7.09
3.36 9.51 0.22
3.27 10.08 3.27
4.37 9.98 3.40
3.48 9.71 0.74
0.72 9.81 -1.26
-5.07 9.38 -4.99
-5.25 9.19 -7.34
-1.44 9.85 -3.82
2.30 10.72 6.50
1.62 9.61 1.50
2.82 9.73 1.90
5.53 9.85 3.44
0.88 9.68 -0.68
-0.42 10.33 -1.07
-1.91 9.16 -5.69
-3.92 10.23 0.53
0.03 9.29 -2.45
0.89 10.04 2.75
2.90 9.65 1.86
2.90 9.69 2.25
-0.48 9.24 -0.56
-1.43 9.51 -2.38
-1.95 9.61 -6.00
0.26 9.43 -5.07
0.24 10.74 4.94
1.23 9.38 -0.79
3.56 9.81 2.27
5.23 10.29 4.01
2.42 9.65 0.78
-1.51 9.44 -2.90
-2.54 9.46 -4.19
-1.75 9.18 -6.71
-0.31 9.69 -4.30
0.77 10.16 2.07
2.39 9.71 1.31
1.73 9.56 0.71
1.92 9.90 1.10
-1.54 9.83 -1.48
0.53 9.84 -0.76
-1.02 9.78 -1.05
-0.50 9.60 -1.73
0.92 9.84 -0.42
1.16 9.43 -1.29
0.75 9.84 -0.64
0.08 9.70 -0.30
0.39 9.71 -0.95
0.77 9.78 -0.48
0.66 9.70 -0.56
0.35 9.73 -1.00
0.71 9.72 -0.73
0.44 9.76 -0.62
-0.17 9.70 -0.59
0.70 9.79 -0.85
0.10 9.72 -0.45
0.70 9.68 -0.58
0.29 9.72 -0.65
0.69 9.72 -0.80
-0.18 9.86 -0.54
0.78 9.75 -0.62
0.54 9.83 -0.87
0.45 9.75 -0.70
0.74 9.70 -0.79
0.34 9.57 -0.67
0.22 9.66 -0.60
0.43 9.66 -0.75
0.16 9.67 -0.45
0.57 9.78 -0.66
0.41 9.77 -0.55
0.57 9.77 -0.56
0.07 9.77 -0.45
0.09 9.80 -0.38
0.45 9.72 -0.58
0.38 9.79 -0.45
-0.05 9.77 -0.78
0.08 9.69 -0.92
0.23 9.79 -0.49
0.50 9.72 -0.51
0.28 9.73 -0.70
0.09 9.79 -0.54
0.72 9.71 -0.62
0.34 9.72 -0.57
0.30 9.76 -0.77
0.68 9.73 -0.53
0.77 9.69 -0.52
0.43 9.68 -0.61
0.04 9.78 -0.45
0.41 9.73 -0.73
1.04 9.66 -0.73
0.61 9.73 -0.73
0.42 9.75 -0.65
0.67 9.72 -0.61
0.47 9.74 -0.62
0.40 9.69 -0.65
0.91 9.81 -0.59
0.70 9.71 -0.59
0.53 9.75 -0.66
0.45 9.75 -0.76
0.27 9.75 -0.53
-0.17 9.70 -0.84
0.11 9.78 -0.52
-0.14 9.74 -0.70
0.51 9.72 -0.54
0.33 9.78 -0.66
0.57 9.68 -0.83
0.45 9.73 -0.60
0.73 9.75 -0.73
0.48 9.72 -0.59
0.30 9.81 -0.70
0.05 9.80 -0.77
0.77 9.79 -0.67
0.63 9.75 -0.56
0.18 9.82 -0.52
0.18 9.75 -0.54
0.55 9.73 -0.78
0.79 9.73 -0.63
0.54 9.72 -0.74
0.56 9.72 -0.68
0.59 9.72 -0.65
0.15 9.79 -0.66
0.22 9.73 -0.60
0.68 9.77 -0.52
0.22 9.75 -0.57
-0.09 9.77 -0.74
-0.17 9.77 -0.55
0.47 9.67 -0.52
0.35 9.66 -0.73
0.45 9.69 -0.58
0.49 9.76 -0.49
0.62 9.71 -0.67
0.73 9.73 -0.83
0.15 9.74 -0.83
0.90 9.76 -0.72
0.03 9.74 -0.62
0.14 9.77 -0.50
0.49 9.72 -0.61
0.58 9.69 -0.62
0.65 9.71 -0.78
0.43 9.71 -0.52
0.53 9.70 -0.72
0.66 9.66 -0.66
0.68 9.66 -0.76
0.76 9.70 -0.58
0.27 9.74 -0.64
0.43 9.73 -0.56
0.44 9.78 -0.70
0.53 9.80 -0.48
0.34 9.79 -0.47
0.35 9.66 -0.68
0.59 9.76 -0.47
0.34 9.75 -0.55
0.55 9.67 -0.70
-0.02 9.74 -0.62
0.35 9.80 -0.64
0.76 9.69 -0.73
0.22 9.81 -0.66
0.41 9.72 -0.81
0.10 9.78 -0.73
0.17 9.77 -0.78
0.62 9.78 -0.64
-0.28 9.77 -0.75
0.06 9.75 -0.61
0.11 9.76 -0.46
0.19 9.74 -0.70
0.75 9.74 -0.58
0.70 9.73 -0.51
0.53 9.75 -0.53
0.75 9.77 -0.64
0.13 9.75 -0.64
0.01 9.80 -0.54
0.36 9.76 -0.58
0.13 9.74 -0.83
0.11 9.76 -0.63
-0.04 9.73 -0.44
-0.31 9.73 -0.57
0.35 9.77 -0.77
0.31 9.79 -0.75
0.13 9.72 -0.61
0.12 9.78 -0.50
-0.02 9.70 -0.66
0.22 9.74 -0.48
0.50 9.73 -0.66
0.91 9.71 -0.50
0.65 9.69 -0.71
0.91 9.75 -0.55
0.53 9.73 -0.78
-0.18 9.79 -0.59
0.44 9.77 -0.68
0.18 9.78 -0.52
0.70 9.70 -0.74
1.21 9.70 -0.67
0.74 9.77 -0.57
0.59 9.77 -0.77
0.56 9.72 -0.74
0.28 9.82 -0.49
-0.05 9.71 -0.56
0.04 9.80 -0.66
0.53 9.71 -0.62
0.27 9.76 -0.58
0.58 9.69 -0.61
1.06 9.74 -0.62
0.33 9.77 -0.43
0.52 9.75 -0.58
-0.05 9.73 -0.71
0.78 9.71 -0.64
0.48 9.73 -0.60
0.30 9.77 -0.79
0.42 9.71 -0.80
0.62 9.74 -0.61
0.27 9.76 -0.50
-0.09 9.74 -0.78
1.00 9.75 -0.52
0.45 9.76 -0.56
0.59 9.73 -0.66
0.52 9.72 -0.54
0.53 9.79 -0.43
0.54 9.73 -0.57
0.01 9.70 -0.70
0.55 9.69 -0.70
0.35 9.71 -0.77
0.44 9.50 -0.75
0.56 10.31 -0.85
0.02 9.27 -0.78
0.17 10.23 -1.00
0.15 9.36 -0.97
0.17 9.65 -0.51
0.48 10.09 -0.43
0.31 9.31 -0.34
0.73 10.09 -0.46
0.57 9.49 -0.48
0.64 9.71 -0.33
0.56 9.94 -0.60
0.26 9.34 -0.74
0.34 9.99 -0.75
0.19 9.50 -0.61
0.28 9.64 -0.85
0.36 9.89 -0.85
0.22 9.52 -0.60
0.40 9.92 -0.73
0.31 9.65 -0.53
0.43 9.72 -0.69
0.37 9.86 -0.46
0.43 9.58 -0.37
0.50 9.91 -0.67
0.38 9.58 -0.58
0.41 9.82 -0.44
0.46 9.74 -0.67
