-1.14 9.30 -7.21
1.65 11.11 6.26
1.65 8.64 -3.57
1.58 10.01 3.11
5.05 9.31 0.98
0.91 8.95 -3.68
-2.06 10.34 -1.34
-1.48 9.33 -4.37
0.73 9.95 1.03
5.33 9.85 2.35
2.42 9.54 0.03
0.07 9.60 -1.71
-1.32 9.26 -4.83
-1.97 9.72 -3.63
-1.17 9.60 -3.15
0.46 10.10 1.67
1.75 9.60 1.22
2.82 9.55 0.64
-1.00 9.58 -2.06
-1.58 9.49 -4.10
-3.01 9.61 -4.68
-1.12 9.58 -3.24
0.94 10.24 2.65
3.56 9.61 0.66
2.31 9.77 1.32
-0.33 9.83 0.64
-0.24 9.69 -1.12
-1.40 10.04 -1.90
-1.68 9.51 -4.10
-1.27 10.37 2.69
-0.41 9.42 -1.71
1.61 10.14 2.89
4.07 9.49 1.18
2.96 9.72 1.25
0.90 9.36 -2.18
-2.09 9.66 -3.33
-5.48 9.55 -5.64
-1.90 9.58 -3.56
1.44 10.26 2.75
3.77 9.53 0.32
2.15 9.77 1.76
4.65 9.82 2.19
1.20 9.58 -0.91
-2.03 10.31 -0.22
-1.62 9.27 -4.41
-1.99 10.24 1.59
0.57 9.26 -1.35
1.70 9.94 1.84
1.29 9.53 0.57
2.86 9.69 1.12
-2.59 9.28 -2.45
-0.55 9.58 -2.61
-2.19 9.40 -5.84
-0.78 9.75 -3.84
1.28 10.32 2.19
2.73 9.60 0.55
2.02 9.77 1.48
6.34 9.95 2.24
1.49 9.81 0.04
1.23 9.96 -1.37
-2.20 9.57 -3.60
-0.99 9.79 -2.15
-0.70 9.41 -3.08
3.46 10.05 2.84
1.33 9.56 0.55
2.77 9.65 1.31
0.59 9.77 0.60
-0.22 9.62 -0.92
-0.48 10.10 -0.50
-2.88 9.24 -4.23
-0.56 10.17 2.30
1.59 9.31 -1.21
1.83 9.94 1.78
3.49 9.78 1.47
2.77 9.66 0.16
1.79 9.59 -1.64
-1.50 9.64 -2.25
-3.90 9.67 -4.75
-1.17 9.73 -3.38
1.04 10.42 3.38
2.50 9.65 0.22
2.16 9.77 1.24
4.82 9.93 1.99
0.86 9.81 -0.53
1.78 10.24 0.54
-1.99 9.66 -3.68
-2.84 9.49 -5.11
-1.65 9.72 -3.46
1.22 10.37 3.23
0.34 9.52 0.25
3.46 9.70 1.51
-0.12 9.68 0.51
-1.01 9.53 -1.64
-1.31 10.26 -1.43
-2.79 9.37 -4.09
-2.29 9.85 -1.54
0.27 9.42 -2.64
1.58 9.88 1.91
1.87 9.54 0.83
2.93 9.73 1.60
-2.91 9.44 -2.43
-0.65 9.57 -2.92
-3.36 9.61 -5.99
-0.15 9.35 -4.20
-1.10 10.28 2.45
0.84 9.32 -1.30
3.27 9.61 1.22
3.35 10.10 2.68
1.65 9.85 0.58
0.00 9.51 -1.98
-2.07 9.58 -3.91
-1.45 9.49 -5.14
-0.87 9.67 -3.68
0.79 10.43 3.20
2.20 9.64 0.53
2.57 9.81 1.85
3.97 10.17 3.68
-0.71 9.77 -0.70
1.00 10.28 0.94
-2.61 9.44 -4.29
-0.78 9.98 -0.58
-0.48 9.76 -3.26
2.89 10.39 3.52
2.43 9.56 0.68
3.13 9.61 1.51
-0.12 9.64 0.28
-0.13 9.49 -1.58
-1.84 10.06 -1.75
-1.78 9.47 -4.17
-0.73 10.21 2.93
0.45 9.30 -2.35
2.61 9.97 2.59
1.11 9.43 0.27
1.41 9.66 0.99
-2.02 9.31 -2.41
-1.04 9.65 -2.72
-3.49 9.65 -4.69
-2.36 9.78 -3.61
0.08 10.57 3.96
3.39 9.60 0.53
3.54 9.80 2.02
4.64 9.71 1.36
1.79 9.80 -0.10
1.32 9.72 -1.86
-1.87 9.50 -3.63
-2.99 9.54 -4.76
-1.34 9.85 -2.91
2.31 10.21 3.84
1.64 9.64 0.84
3.28 9.85 1.77
4.92 10.03 3.09
0.75 9.58 -1.01
-0.16 10.39 0.00
-1.90 9.16 -4.36
-2.19 10.01 -0.68
-0.74 9.32 -2.37
2.40 9.90 2.43
1.67 9.68 1.24
2.33 9.67 1.42
0.56 9.55 0.94
0.06 9.56 -1.49
-1.44 9.98 -2.65
-1.22 9.25 -4.75
-1.09 10.35 2.35
1.15 9.44 -0.67
2.14 9.85 1.88
5.10 9.86 1.98
1.96 9.83 0.14
-3.45 9.23 -2.90
-0.67 9.67 -2.38
-2.30 9.41 -6.17
-2.47 9.76 -4.51
1.51 10.49 3.15
2.25 9.57 0.22
2.35 9.86 1.82
3.00 10.05 1.67
0.92 9.74 -0.86
0.54 9.59 -2.48
-1.52 9.62 -3.72
-1.28 9.42 -4.71
1.05 9.49 -3.62
2.28 10.33 2.99
1.17 9.60 0.67
3.21 9.71 1.61
-0.27 9.70 0.53
-0.77 9.72 -0.63
-0.03 10.43 0.95
-3.28 9.54 -4.07
-1.59 10.03 0.19
-0.09 9.37 -2.18
3.46 9.96 2.87
1.95 9.45 0.78
3.11 9.68 1.10
-2.60 9.44 -2.34
-0.22 9.58 -2.68
-4.00 9.66 -5.77
-2.66 9.43 -4.18
-0.76 10.26 2.91
1.01 9.21 -1.81
4.73 9.63 1.56
4.28 9.85 2.21
0.46 9.83 0.48
0.74 9.71 -1.86
-3.27 9.68 -3.52
-3.82 9.49 -5.42
-1.71 9.78 -3.45
-1.30 10.53 3.73
1.37 9.60 -0.13
3.62 9.91 1.91
3.80 9.94 1.76
1.43 9.77 -0.53
0.71 10.24 0.10
-2.80 9.41 -4.17
-2.34 9.99 -1.04
-1.26 9.39 -2.65
0.22 10.27 3.14
0.88 9.65 0.97
2.77 9.63 1.53
0.40 9.62 0.72
-0.72 9.51 -1.71
-1.30 10.14 -1.12
-2.27 9.32 -4.41
-0.52 10.27 2.54
0.84 9.27 -1.15
1.28 10.09 2.67
2.42 9.43 1.02
2.21 9.70 1.59
-1.40 9.37 -2.11
-1.81 9.51 -2.54
-2.60 9.49 -5.72
0.36 9.70 -3.99
1.63 10.41 3.81
4.44 9.62 0.48
2.74 9.64 1.25
4.70 9.82 1.83
1.82 9.89 0.81
-0.83 9.39 -2.72
-1.23 9.46 -3.86
-1.36 9.46 -5.81
1.65 9.63 -3.16
1.78 10.45 3.14
2.31 9.71 0.90
3.10 9.83 2.31
2.86 10.28 3.36
-0.55 9.82 -0.65
0.48 10.06 -0.39
-3.67 9.57 -4.54
-1.31 9.76 -2.33
-1.19 9.45 -2.69
2.99 10.07 3.08
3.19 9.41 0.20
2.86 9.63 1.41
0.18 9.86 1.47
0.00 9.60 -1.32
-1.70 10.13 -0.94
-3.19 9.32 -4.82
-0.37 10.14 1.88
0.86 9.16 -1.93
2.21 9.96 2.12
2.36 9.63 1.29
2.86 9.69 1.02
-0.86 9.38 -1.26
-1.13 9.56 -1.64
-2.97 9.86 -3.25
-1.05 9.59 -4.16
-0.94 10.45 2.99
2.13 9.42 -0.36
2.89 9.70 1.30
5.44 10.06 2.54
0.88 9.97 0.38
-0.48 9.37 -2.61
-0.99 9.63 -2.99
-3.16 9.52 -5.58
-1.38 9.87 -4.01
-0.19 10.39 3.04
2.34 9.66 0.51
2.91 9.68 1.44
3.78 10.05 3.53
2.04 9.93 0.12
-0.42 10.03 -1.46
-2.87 9.55 -4.06
-3.64 9.68 -3.92
0.02 9.60 -3.13
0.18 10.09 2.63
0.56 9.62 1.04
2.47 9.75 1.81
-1.04 9.41 -0.25
-0.96 9.55 -2.01
-1.42 10.16 -0.74
-1.24 9.24 -4.24
-2.36 9.90 -1.06
-0.98 9.41 -1.86
2.13 9.74 1.51
2.10 9.65 0.70
1.23 9.69 0.15
0.87 9.85 -0.25
-0.40 9.84 -1.70
-0.68 9.73 -1.46
-0.44 9.87 -0.95
-0.55 9.65 -0.86
0.83 9.68 -0.25
0.84 9.78 -0.31
1.70 9.77 -0.48
0.42 9.71 -0.56
0.91 9.70 -0.73
0.41 9.82 -0.57
0.08 9.74 -0.75
-0.21 9.79 -0.84
0.39 9.71 -0.82
0.04 9.72 -0.72
0.26 9.62 -0.90
0.22 9.79 -0.87
0.71 9.69 -0.59
0.70 9.69 -0.64
0.61 9.84 -0.61
0.04 9.69 -0.97
0.22 9.71 -0.88
0.31 9.62 -0.77
0.62 9.73 -0.37
0.57 9.74 -0.56
0.16 9.80 -0.60
0.01 9.76 -0.80
-0.06 9.68 -0.71
0.77 9.76 -0.62
0.55 9.72 -0.39
0.43 9.70 -0.71
0.45 9.66 -0.63
0.70 9.73 -0.69
0.23 9.71 -0.49
0.55 9.72 -0.62
0.54 9.74 -0.62
0.38 9.76 -0.57
0.55 9.77 -0.46
0.52 9.74 -0.63
0.56 9.82 -0.56
0.44 9.68 -0.49
0.19 9.74 -0.70
0.64 9.73 -0.70
0.81 9.70 -0.78
0.37 9.74 -0.70
0.27 9.74 -0.64
0.74 9.69 -0.71
0.50 9.73 -0.79
0.21 9.72 -0.81
0.47 9.74 -0.73
0.21 9.77 -0.48
0.41 9.79 -0.48
0.13 9.80 -0.63
0.06 9.74 -0.74
0.36 9.73 -0.72
0.88 9.72 -0.55
0.60 9.73 -0.51
0.41 9.78 -0.60
0.72 9.71 -0.44
0.31 9.76 -0.50
0.63 9.69 -0.64
0.03 9.66 -0.71
0.35 9.77 -0.60
0.61 9.82 -0.48
0.07 9.71 -0.72
-0.06 9.74 -0.59
0.69 9.72 -0.47
0.53 9.72 -0.50
0.51 9.72 -0.64
0.36 9.72 -0.72
0.32 9.77 -0.51
0.42 9.70 -0.70
0.32 9.68 -0.66
0.28 9.74 -0.62
0.56 9.69 -0.62
0.46 9.71 -0.54
0.24 9.74 -0.78
0.43 9.73 -0.53
0.78 9.73 -0.46
0.93 9.73 -0.65
0.82 9.69 -0.73
0.82 9.75 -0.62
0.36 9.75 -0.59
0.47 9.70 -0.60
0.05 9.79 -0.75
0.23 9.76 -0.64
0.02 9.68 -0.81
0.06 9.73 -0.63
0.55 9.75 -0.74
0.56 9.72 -0.64
0.65 9.75 -0.51
0.22 9.76 -0.49
0.00 9.73 -0.62
0.61 9.73 -0.54
0.56 9.65 -0.64
0.22 9.77 -0.59
-0.32 9.75 -0.55
0.43 9.72 -0.61
0.53 9.75 -0.62
0.05 9.76 -0.69
0.69 9.71 -0.81
0.06 9.77 -0.51
0.37 9.74 -0.64
0.07 9.81 -0.53
0.89 9.76 -0.57
0.18 9.75 -0.53
0.18 9.74 -0.59
0.64 9.72 -0.48
0.30 9.76 -0.48
0.46 9.72 -0.69
0.11 9.75 -0.57
0.84 9.76 -0.61
0.73 9.68 -0.64
0.66 9.75 -0.67
0.70 9.73 -0.69
0.03 9.75 -0.69
0.73 9.68 -0.67
0.57 9.73 -0.46
0.38 9.76 -0.89
0.23 9.73 -0.84
0.37 9.77 -0.67
0.48 9.76 -0.66
0.90 9.79 -0.60
0.70 9.71 -0.54
0.46 9.71 -0.46
0.57 9.72 -0.63
0.29 9.67 -0.74
0.22 9.74 -0.65
0.15 9.74 -0.72
0.19 9.73 -0.60
0.24 9.71 -0.64
0.88 9.65 -0.67
0.96 9.71 -0.76
0.82 9.77 -0.63
0.57 9.70 -0.75
0.10 9.80 -0.84
0.22 9.77 -0.59
0.07 9.71 -0.64
0.06 9.76 -0.52
0.37 9.70 -0.66
0.61 9.71 -0.50
0.36 9.71 -0.67
0.04 9.76 -0.55
0.50 9.75 -0.46
0.96 9.66 -0.61
0.31 9.68 -0.73
0.10 9.73 -0.65
0.45 9.72 -0.66
0.73 9.70 -0.81
0.41 9.77 -0.68
0.36 9.77 -0.80
0.42 9.69 -0.65
0.68 9.71 -0.67
0.52 9.72 -0.76
0.78 9.71 -0.69
0.34 9.75 -0.46
0.27 9.73 -0.64
-0.19 9.73 -0.77
0.47 9.71 -0.71
0.63 9.75 -0.60
0.40 9.79 -0.56
0.30 9.79 -0.65
0.36 9.74 -0.64
0.33 9.71 -0.77
0.41 9.76 -0.66
0.44 9.73 -0.64
0.40 9.76 -0.88
0.22 9.74 -0.66
0.54 9.74 -0.42
0.07 9.73 -0.55
0.07 9.77 -0.68
1.00 9.68 -0.67
1.01 9.70 -0.59
0.73 9.71 -0.64
0.36 9.66 -0.82
0.16 9.77 -0.64
0.77 9.77 -0.64
0.58 9.72 -0.68
0.32 9.74 -0.70
0.43 9.72 -0.56
0.37 9.81 -0.45
0.32 9.71 -0.81
0.09 9.76 -0.65
0.60 9.78 -0.67
0.65 9.43 -0.49
0.92 10.28 -0.47
0.75 9.27 -0.53
0.93 10.16 -0.44
0.56 9.62 -0.27
0.65 9.45 -0.64
0.55 10.03 -0.70
0.29 9.34 -0.78
0.39 9.98 -0.80
0.19 9.65 -0.60
0.20 9.61 -0.95
0.28 9.97 -0.84
0.14 9.53 -0.44
0.50 9.97 -0.75
0.34 9.59 -0.56
0.45 9.63 -0.58
0.55 9.89 -0.59
0.41 9.62 -0.39
0.50 9.91 -0.78
0.34 9.61 -0.51
0.41 9.75 -0.61
0.40 9.80 -0.83
0.28 9.48 -0.70
0.45 9.90 -0.68
0.37 9.61 -0.63
0.39 9.77 -0.73
