-0.78 9.10 -2.53
-0.06 9.65 -3.87
1.38 10.22 1.71
1.40 9.28 0.02
-0.53 9.64 0.79
0.89 10.52 -0.20
-0.13 8.65 -8.07
1.49 11.26 6.33
5.47 9.72 4.23
2.48 9.56 1.23
2.22 10.60 -0.50
2.94 8.41 -8.70
-0.87 10.33 1.79
3.94 9.85 2.46
3.93 9.60 2.41
0.29 10.48 2.31
-2.48 8.52 -7.65
0.87 11.18 6.01
0.21 9.19 -2.80
2.03 9.73 2.47
2.58 9.83 3.18
1.38 9.13 -0.83
0.03 9.94 -2.61
-2.04 8.91 -6.55
-0.49 11.07 5.26
3.85 9.46 -0.61
2.43 9.79 2.28
4.99 10.01 3.41
1.27 9.31 -0.83
-1.26 10.41 -0.32
-2.63 9.11 -5.60
-2.46 10.64 3.27
0.02 9.57 -1.89
0.62 9.89 1.83
3.82 9.74 2.19
1.65 9.76 1.06
1.29 9.75 -0.68
-0.60 9.48 -3.88
0.21 9.39 -4.48
-0.91 9.53 -3.60
1.53 10.40 3.21
1.52 9.46 0.06
2.95 9.82 2.18
-0.08 9.53 0.40
0.78 9.53 -0.81
-1.88 10.09 -2.79
-2.13 9.40 -4.87
-2.12 10.83 4.94
2.06 9.38 -1.11
2.33 10.00 2.37
6.20 10.06 3.62
2.93 9.76 0.90
0.79 9.64 -1.25
-2.21 9.45 -3.72
-5.03 9.38 -6.84
0.99 9.55 -4.12
1.19 10.50 3.74
1.28 9.52 0.70
2.88 9.51 0.91
-1.90 9.26 -1.55
0.22 9.59 -1.01
-0.37 10.19 -0.43
-2.28 9.11 -5.26
-2.12 10.15 1.42
1.18 9.30 -1.71
2.35 9.95 3.30
3.11 9.68 2.39
2.84 9.86 1.27
-0.90 9.66 -2.34
-1.34 9.54 -2.75
-1.45 9.38 -7.05
0.25 9.56 -4.94
0.73 10.63 4.21
2.40 9.55 0.14
2.49 9.73 2.29
5.32 10.16 3.87
0.35 9.84 -0.28
0.28 10.47 1.10
-1.86 9.42 -4.35
1.11 9.28 -5.09
0.38 9.61 -3.36
1.22 10.40 3.48
1.16 9.45 0.75
2.87 9.53 1.64
-1.51 9.43 -0.61
-1.24 9.57 -2.29
-2.43 9.76 -4.61
-3.87 9.34 -4.91
-0.82 10.38 2.31
1.91 9.18 -2.03
3.49 9.91 2.49
4.15 9.90 2.39
3.29 9.71 0.51
0.09 9.67 -2.14
-0.77 9.52 -3.75
-3.23 9.27 -6.62
-1.09 9.82 -3.95
-0.31 10.77 4.93
1.28 9.32 -0.95
2.67 9.98 2.22
5.66 10.04 3.67
2.96 9.53 -1.46
-1.37 10.30 -0.87
-2.20 9.22 -4.76
-3.01 10.06 -0.64
-0.78 9.67 -4.10
1.56 10.48 4.69
2.61 9.48 0.73
2.97 9.68 1.93
-0.05 9.43 0.21
-0.31 9.49 -1.39
-2.28 9.80 -4.31
-1.93 9.50 -4.91
-0.33 10.75 4.93
0.11 9.33 -1.86
2.26 9.98 2.84
1.39 10.04 2.68
1.68 9.68 0.80
-2.39 9.30 -3.35
-1.76 9.54 -4.15
-0.75 9.12 -7.83
-2.23 9.54 -5.55
1.46 10.47 2.88
2.74 9.54 -0.09
2.41 9.73 1.83
5.25 10.27 3.74
2.10 9.81 0.34
-0.22 10.46 0.99
-2.71 9.29 -4.48
0.67 10.01 0.01
-1.03 9.36 -2.80
2.67 10.00 3.18
2.85 9.67 1.53
2.56 9.57 1.23
-2.59 9.60 -0.35
-1.00 9.59 -1.55
-3.85 9.91 -4.07
-2.71 9.43 -5.12
-1.85 10.55 4.39
1.11 9.37 -1.21
2.93 9.86 1.94
6.36 10.04 3.81
3.32 9.68 1.01
-0.46 9.42 -2.11
-0.96 9.55 -3.08
-4.76 9.23 -7.60
-0.21 9.80 -4.24
-0.79 10.81 4.58
2.39 9.44 0.16
2.73 9.69 1.92
1.38 9.76 2.09
1.09 9.84 0.30
0.32 10.27 0.02
-2.52 9.39 -4.66
-2.86 9.70 -2.92
-0.69 9.37 -3.69
1.00 10.19 3.05
1.16 9.47 0.56
2.63 9.69 1.43
-2.46 9.21 -3.12
-1.09 9.44 -2.75
-1.21 10.14 -2.02
-1.81 9.22 -5.07
-0.54 10.45 3.33
1.86 9.26 -1.23
1.85 9.84 2.48
3.99 10.07 3.02
1.34 9.94 0.81
-0.03 9.74 -1.62
-0.21 9.55 -3.04
-2.94 9.27 -7.85
-1.58 9.68 -4.74
1.53 10.63 4.19
3.59 9.58 0.25
2.84 9.66 2.12
4.85 10.10 3.46
-0.10 9.75 -1.01
0.35 10.32 -0.09
-3.16 9.30 -5.13
-1.09 9.49 -4.32
0.08 9.34 -3.85
2.37 10.36 3.73
1.90 9.52 0.82
3.23 9.57 2.00
-2.48 9.51 -0.37
-1.04 9.57 -2.31
-2.89 9.64 -5.26
-2.63 9.62 -4.66
-1.21 10.49 2.79
2.62 9.15 -1.86
2.96 9.83 1.61
3.52 9.87 2.14
3.37 9.88 0.99
-0.39 9.66 -1.83
-1.22 9.49 -3.64
-5.08 9.31 -6.77
-0.02 9.74 -3.86
0.99 10.64 4.80
2.30 9.37 -0.63
3.14 9.87 2.16
6.03 10.02 3.74
0.45 9.67 -0.72
-0.15 10.49 0.22
-3.35 9.31 -4.59
-2.49 10.02 -0.31
1.19 9.18 -2.56
2.63 10.52 5.18
1.46 9.57 1.14
3.16 9.58 1.59
-0.23 9.48 0.30
-2.03 9.59 -1.77
-3.06 9.84 -4.57
-2.37 9.37 -5.27
-0.28 10.82 5.22
4.09 9.22 -0.37
2.93 9.97 3.32
1.15 10.05 2.36
2.75 9.84 1.59
-2.89 9.40 -3.00
-0.59 9.69 -3.52
-2.39 9.29 -7.21
-1.09 9.58 -5.14
2.13 10.58 3.32
3.89 9.53 -0.04
3.20 9.68 1.86
5.29 10.31 3.61
1.42 9.78 0.25
1.52 10.24 0.29
-2.66 9.30 -5.07
-0.72 9.77 -2.18
-0.82 9.30 -3.39
1.33 10.16 2.92
0.67 9.66 1.34
1.89 9.73 1.82
0.09 9.74 1.12
-1.28 9.54 -1.35
-3.01 10.28 -1.09
-4.23 9.46 -4.81
-2.97 10.71 4.35
2.24 9.25 -1.31
3.15 9.86 2.44
4.60 9.97 2.89
3.44 9.60 0.92
-0.83 9.26 -2.23
-1.22 9.53 -2.90
-4.16 9.39 -7.05
-0.84 9.69 -4.80
0.33 10.65 4.16
3.31 9.40 -0.21
2.23 9.79 1.81
4.37 9.97 3.35
1.06 9.68 -0.29
0.90 10.09 -0.32
-2.54 9.44 -4.06
-3.92 9.53 -4.74
-0.68 9.47 -4.18
0.78 10.24 3.16
1.83 9.54 0.94
4.41 9.57 1.89
-1.54 9.21 -1.82
0.35 9.50 -2.33
-1.45 10.39 -0.72
-1.49 9.13 -5.38
-2.73 10.42 2.49
0.58 9.15 -1.81
1.95 9.75 2.55
4.36 9.94 2.59
0.86 10.01 1.00
-2.44 9.54 -2.70
-1.94 9.64 -2.40
-3.33 9.41 -7.34
-1.19 9.69 -4.61
-0.09 10.67 4.50
4.19 9.54 0.45
1.22 9.75 2.19
5.22 10.25 4.02
0.24 9.87 -0.04
0.89 10.30 0.62
-3.13 9.55 -4.39
-0.63 9.24 -6.06
0.32 9.51 -3.99
2.21 10.44 3.65
2.09 9.50 0.78
3.87 9.68 2.27
-1.97 9.78 1.40
-2.43 9.64 -1.85
-2.27 10.00 -3.06
-1.70 9.55 -4.59
-2.17 10.19 0.52
2.06 9.10 -2.88
2.70 9.97 2.79
2.72 9.50 1.02
3.96 9.48 0.56
-1.19 9.23 -3.53
-1.82 9.65 -3.05
-4.23 9.11 -8.17
-1.09 9.78 -4.56
-0.77 10.67 4.55
2.43 9.02 -1.80
3.35 9.88 2.29
6.14 9.84 2.59
1.64 9.77 0.06
0.48 10.04 -1.58
-2.57 9.43 -4.20
-1.51 10.05 -1.06
-1.86 9.67 -1.83
-0.12 9.66 -0.58
1.28 9.94 0.31
2.54 9.63 0.20
1.50 9.64 0.07
0.81 9.81 -0.31
0.45 9.77 -0.94
0.02 9.79 -0.57
-0.16 9.81 -0.60
0.31 9.73 -0.98
0.07 9.70 -0.50
0.72 9.86 -0.63
0.32 9.67 -0.58
0.50 9.83 -0.46
0.61 9.76 -0.64
0.21 9.80 -0.63
0.39 9.78 -0.36
0.28 9.78 -0.65
0.12 9.78 -0.34
0.33 9.78 -0.33
0.01 9.76 -0.87
0.77 9.58 -0.51
0.53 9.60 -0.67
0.97 9.73 -0.19
-0.40 9.69 -0.72
0.62 9.82 -0.47
0.31 9.80 -0.53
0.29 9.82 -0.82
0.80 9.76 -0.64
0.51 9.71 -0.70
-0.05 9.80 -0.58
0.72 9.73 -0.64
0.59 9.69 -0.65
0.51 9.74 -0.65
-0.04 9.80 -0.75
0.07 9.85 -0.67
0.43 9.73 -0.75
0.06 9.72 -0.80
-0.06 9.77 -0.86
0.43 9.74 -0.82
-0.13 9.74 -0.68
0.20 9.71 -0.48
0.52 9.67 -0.69
0.55 9.75 -0.54
0.00 9.74 -0.72
0.54 9.73 -0.88
0.10 9.78 -0.70
0.70 9.79 -0.48
0.50 9.80 -0.45
0.31 9.77 -0.45
0.83 9.69 -0.70
0.59 9.74 -0.57
0.22 9.76 -0.48
0.28 9.68 -0.73
-0.03 9.74 -0.72
0.41 9.71 -0.71
0.07 9.75 -0.56
0.07 9.76 -0.70
0.25 9.74 -0.68
0.30 9.76 -0.61
-0.20 9.68 -0.81
0.45 9.74 -0.58
0.61 9.74 -0.55
0.50 9.76 -0.45
0.35 9.75 -0.67
-0.04 9.69 -0.68
0.04 9.71 -0.65
0.33 9.83 -0.57
0.15 9.74 -0.75
0.28 9.71 -0.72
0.65 9.77 -0.56
0.36 9.74 -0.55
0.53 9.73 -0.62
0.55 9.74 -0.80
0.19 9.74 -0.56
-0.09 9.75 -0.74
0.41 9.77 -0.58
0.31 9.78 -0.53
0.63 9.70 -0.72
0.22 9.74 -0.80
0.33 9.72 -0.59
0.09 9.74 -0.78
-0.17 9.73 -0.56
-0.12 9.76 -0.58
0.28 9.77 -0.75
0.26 9.77 -0.63
0.36 9.75 -0.58
0.37 9.73 -0.58
0.50 9.72 -0.67
0.84 9.78 -0.44
0.31 9.73 -0.91
0.00 9.76 -0.55
0.62 9.74 -0.68
0.49 9.73 -0.68
0.51 9.72 -0.67
0.39 9.70 -0.70
-0.02 9.76 -0.56
0.60 9.73 -0.72
0.36 9.74 -0.47
-0.10 9.76 -0.56
0.88 9.64 -0.70
-0.12 9.75 -0.70
0.49 9.77 -0.63
0.68 9.78 -0.68
0.03 9.74 -0.85
0.63 9.69 -0.69
0.50 9.72 -0.75
0.09 9.74 -0.70
0.11 9.74 -0.70
0.76 9.78 -0.54
0.27 9.76 -0.55
0.23 9.74 -0.61
0.20 9.75 -0.62
0.65 9.76 -0.77
0.01 9.73 -0.67
0.53 9.68 -0.68
-0.20 9.81 -0.70
0.56 9.72 -0.69
0.56 9.69 -0.68
-0.16 9.75 -0.50
0.48 9.70 -0.70
0.08 9.75 -0.71
-0.24 9.71 -0.66
0.03 9.75 -0.45
0.63 9.76 -0.57
0.40 9.76 -0.63
0.45 9.79 -0.65
0.44 9.76 -0.70
0.62 9.70 -0.76
0.41 9.73 -0.70
0.42 9.74 -0.67
0.04 9.78 -0.60
-0.02 9.77 -0.45
0.02 9.70 -0.74
-0.17 9.77 -0.61
0.91 9.71 -0.71
0.46 9.71 -0.67
0.41 9.72 -0.67
0.43 9.71 -0.73
0.31 9.69 -0.77
0.37 9.69 -0.64
0.48 9.77 -0.51
1.11 9.68 -0.68
0.88 9.72 -0.68
0.24 9.78 -0.75
0.21 9.73 -0.51
0.76 9.73 -0.62
0.91 9.77 -0.48
0.76 9.81 -0.59
0.36 9.77 -0.60
0.49 9.72 -0.66
0.23 9.75 -0.63
0.13 9.71 -0.52
0.38 9.74 -0.62
0.66 9.73 -0.50
0.33 9.80 -0.60
0.58 9.79 -0.54
-0.00 9.73 -0.74
0.33 9.68 -0.84
0.49 9.81 -0.61
0.22 9.75 -0.68
0.47 9.76 -0.42
0.58 9.68 -0.79
0.47 9.75 -0.65
0.21 9.66 -0.74
0.45 9.81 -0.64
0.37 9.74 -0.70
0.18 9.70 -0.84
0.15 9.73 -0.64
0.07 9.70 -0.53
0.76 9.69 -0.61
0.38 9.73 -0.63
0.49 9.77 -0.42
0.82 9.70 -0.50
0.57 9.73 -0.74
0.22 9.74 -0.54
0.61 9.73 -0.48
0.20 9.75 -0.66
0.49 9.71 -0.67
0.44 9.75 -0.54
0.67 9.74 -0.56
-0.22 9.76 -0.71
0.10 9.65 -0.62
0.33 9.14 -0.36
0.41 9.86 -0.38
0.84 10.13 -0.10
0.43 9.31 -0.49
0.76 10.20 -0.83
0.51 9.49 -0.29
0.56 9.77 -0.95
0.41 10.02 -0.84
0.16 9.38 -0.83
0.28 10.09 -1.07
0.12 9.40 -0.57
0.25 9.91 -0.86
0.38 9.81 -0.75
0.24 9.56 -0.26
0.48 10.03 -0.80
0.33 9.52 -0.50
0.51 9.83 -0.41
0.40 9.77 -0.56
0.46 9.61 -0.51
0.56 10.02 -0.77
0.35 9.46 -0.72
0.39 9.89 -0.63
0.38 9.71 -0.83
0.31 9.60 -0.90
0.46 9.93 -0.83
