0.85 10.99 3.16
-0.55 9.23 1.03
1.27 10.06 2.52
-4.78 9.68 -7.10
-1.91 8.75 -5.85
2.28 11.81 10.47
0.84 8.81 -2.80
0.59 9.71 2.89
0.59 9.33 -0.49
2.32 9.11 -2.14
-5.15 9.43 -6.59
-1.34 9.32 -5.02
-0.15 10.47 3.22
-0.59 9.65 -0.45
2.09 9.58 1.34
-0.90 9.85 0.51
0.02 9.52 -2.24
-2.97 9.75 -3.33
-1.06 9.44 -4.19
0.06 10.75 4.54
2.58 9.70 1.06
2.21 9.77 1.46
5.30 9.62 0.79
1.68 9.66 -0.57
2.99 10.16 0.72
-3.21 9.32 -4.29
-1.73 10.03 -0.82
0.52 9.52 -1.42
1.50 9.88 1.79
2.99 9.60 1.31
3.07 9.74 1.07
-0.85 9.55 -2.39
-0.31 9.57 -2.17
-4.88 9.60 -5.55
-0.99 9.58 -4.07
1.42 10.35 2.91
1.20 9.62 0.07
3.07 9.84 1.84
3.20 9.91 1.89
-0.42 9.67 -0.68
-0.72 10.58 0.60
-3.17 9.48 -4.21
-0.39 9.99 -0.77
0.02 9.56 -2.04
2.08 9.92 2.46
2.72 9.62 1.10
3.51 9.51 1.03
-1.72 9.47 -2.64
-0.92 9.59 -3.06
-4.34 9.40 -6.27
-2.12 9.79 -4.08
-0.29 10.44 3.19
2.82 9.52 -0.39
2.74 9.77 1.52
3.76 9.99 2.12
1.29 9.74 -0.22
2.92 10.20 1.05
-2.07 9.43 -4.04
-1.27 9.87 -0.72
0.03 9.27 -2.14
1.31 10.22 2.71
0.08 9.58 0.42
3.71 9.60 0.96
-1.62 9.53 -0.37
-1.31 9.61 -2.07
-3.36 9.92 -3.55
-1.23 9.45 -4.50
0.50 10.47 3.11
1.85 9.54 0.11
2.90 9.85 1.76
5.41 9.57 1.32
2.09 9.77 0.70
-1.36 9.49 -2.79
-3.07 9.59 -3.75
-2.45 9.43 -5.83
-0.52 9.76 -3.18
2.63 10.42 3.59
4.00 9.48 0.43
3.47 9.61 1.01
-0.72 9.85 0.88
0.61 9.78 0.13
1.53 10.11 -0.08
-2.12 9.41 -3.96
-1.26 9.97 -0.87
0.34 9.51 -1.88
1.34 10.14 2.94
1.72 9.45 0.43
3.67 9.62 1.18
-0.04 9.27 -2.40
-0.66 9.59 -1.43
-2.64 10.19 -0.85
-2.02 9.44 -3.88
-1.01 10.33 2.80
2.46 9.27 -1.06
3.24 9.78 1.31
3.95 9.87 1.25
1.89 9.74 0.24
1.57 9.64 -1.59
-0.08 9.48 -2.67
-4.22 9.59 -5.52
-0.34 9.96 -3.10
1.57 10.40 3.74
2.38 9.72 0.84
1.61 9.90 1.57
4.73 9.86 2.81
0.25 9.67 -1.04
-1.16 10.28 -0.38
-2.57 9.51 -3.89
-3.86 9.56 -4.69
-0.48 9.65 -3.01
2.54 10.04 2.97
1.97 9.61 0.89
2.78 9.66 1.15
-0.61 9.34 -1.10
0.18 9.49 -1.89
-3.79 9.80 -3.71
-2.72 9.42 -4.22
-1.94 10.03 0.34
-0.01 9.24 -1.29
3.21 9.89 2.69
4.01 9.60 1.49
1.46 9.76 0.89
-1.21 9.29 -3.31
-1.05 9.72 -2.90
-1.80 9.36 -6.09
-1.30 9.71 -3.84
-0.27 10.44 2.80
1.28 9.39 -0.61
2.62 9.81 2.21
3.30 10.04 1.77
1.92 9.84 -0.15
0.29 10.01 -0.55
-2.36 9.50 -4.07
-1.15 9.85 -2.09
0.68 9.43 -2.63
2.46 10.38 2.88
3.26 9.66 0.86
2.76 9.66 1.22
1.64 10.01 1.78
-0.42 9.73 -0.91
1.00 10.36 0.29
-3.57 9.31 -4.61
-1.13 10.27 2.07
-0.16 9.43 -2.74
1.74 10.03 2.35
1.40 9.62 1.12
3.39 9.70 1.66
-3.98 9.40 -1.62
-0.29 9.56 -2.22
-4.25 9.81 -4.05
-1.57 9.65 -3.67
-0.90 10.52 3.65
2.08 9.33 -1.21
2.13 9.84 1.44
2.49 9.64 0.62
2.55 9.71 0.45
0.02 9.35 -3.02
-1.49 9.61 -3.40
-3.25 9.49 -5.46
-1.00 9.86 -3.36
1.28 10.33 3.32
0.64 9.67 0.77
2.23 9.98 1.75
4.56 10.06 2.18
1.60 9.77 -0.44
1.77 9.99 -0.03
-3.11 9.45 -4.06
-2.76 9.60 -3.00
-0.83 9.53 -2.60
2.40 9.87 2.24
0.60 9.57 0.75
2.58 9.71 1.40
2.35 9.79 1.28
-0.13 9.61 -1.26
-0.53 10.20 -0.43
-4.02 9.35 -4.57
-0.10 9.93 1.14
1.56 9.29 -1.58
1.28 9.89 1.71
3.79 9.75 1.45
2.26 9.74 0.49
-2.25 9.32 -1.72
-1.41 9.57 -2.70
-4.63 9.85 -4.39
-0.85 9.62 -3.68
0.86 10.39 3.01
2.27 9.55 0.09
1.70 9.79 1.62
3.66 10.04 2.38
0.19 9.87 0.25
-1.54 9.38 -3.22
-1.42 9.66 -3.56
-0.81 9.27 -6.19
-0.69 9.75 -3.68
2.07 10.35 3.10
2.79 9.50 0.29
2.32 9.63 1.37
1.20 9.97 2.52
-1.07 9.75 -0.96
-0.79 10.33 0.71
-2.40 9.46 -4.15
-0.91 9.69 -2.80
0.04 9.56 -2.56
2.40 10.09 2.67
2.04 9.47 0.52
3.19 9.59 1.10
-2.14 9.64 -0.90
-1.41 9.47 -2.25
-1.90 9.83 -3.27
-2.54 9.32 -4.61
-0.93 10.23 1.26
0.13 9.24 -1.90
2.47 9.80 1.84
2.13 9.57 0.69
2.97 9.73 0.68
-0.52 9.35 -2.69
-2.33 9.69 -2.92
-2.57 9.41 -5.36
-0.46 9.64 -3.26
-0.15 10.50 3.87
3.06 9.40 -0.09
2.77 9.80 2.04
5.11 9.89 2.22
1.37 9.83 -0.04
1.77 9.85 -1.89
-4.02 9.44 -4.58
-2.27 9.60 -3.69
-1.60 9.62 -3.07
0.28 10.38 3.87
3.23 9.67 0.77
2.86 9.71 1.44
3.89 9.96 2.68
1.08 9.59 -0.94
-0.98 10.16 -0.53
-1.96 9.28 -3.98
-1.83 10.04 0.75
0.00 9.47 -1.37
1.92 9.93 2.07
2.01 9.60 0.88
2.29 9.65 1.40
-1.98 9.43 -0.70
-0.78 9.61 -1.94
-2.27 9.71 -4.36
-1.12 9.39 -4.87
-0.32 10.40 2.72
1.89 9.41 -0.30
2.59 9.71 1.61
3.45 9.69 1.46
2.60 9.63 1.14
-4.26 9.32 -3.14
-0.96 9.80 -2.68
-1.05 9.37 -5.81
-2.28 9.81 -3.92
1.84 10.51 3.38
3.60 9.55 0.70
3.60 9.63 1.75
5.35 9.97 2.40
2.03 9.75 -0.04
-2.54 9.92 -2.07
-1.48 9.67 -3.74
-2.74 9.60 -4.20
-0.98 9.51 -3.40
3.33 10.18 2.94
2.26 9.46 0.90
2.21 9.66 1.57
-1.42 9.45 -0.42
-0.12 9.72 -0.66
-0.44 10.35 0.01
-2.24 9.32 -4.59
-1.35 9.88 -0.21
0.17 9.26 -2.40
2.85 10.01 3.43
2.23 9.51 0.73
3.13 9.69 1.06
-0.70 9.27 -2.36
-1.96 9.72 -2.66
-2.45 10.24 -1.96
-2.96 9.34 -4.75
-1.57 10.42 3.15
2.51 9.44 -0.62
2.51 9.84 2.18
4.09 9.88 1.72
1.61 9.77 0.48
2.06 9.69 -1.54
-2.24 9.51 -3.66
-3.46 9.60 -4.99
-0.68 9.67 -4.04
-0.34 10.55 3.72
3.51 9.55 0.34
2.80 9.67 1.35
3.67 9.98 2.44
-1.01 9.69 -0.69
2.09 10.16 0.24
-2.54 9.52 -3.82
-2.45 9.90 -2.19
-1.20 9.84 -1.84
1.87 9.45 -0.78
0.54 9.72 -0.04
1.23 9.56 -0.40
1.92 9.93 0.37
0.79 9.83 -0.30
-0.30 9.77 -1.00
-0.30 9.90 -0.79
-0.38 9.73 -0.79
0.07 9.84 -0.66
0.19 9.74 -0.28
0.20 9.76 -0.62
0.18 9.67 -0.53
0.61 9.73 -0.70
0.48 9.75 -0.67
0.55 9.66 -0.49
0.25 9.73 -0.59
0.23 9.67 -0.68
0.04 9.75 -0.54
0.69 9.63 -0.62
0.36 9.85 -0.76
0.66 9.61 -0.72
-0.03 9.87 -0.40
0.53 9.79 -0.63
0.33 9.70 -0.69
0.07 9.66 -0.87
0.42 9.72 -0.74
0.10 9.75 -0.72
0.63 9.73 -0.78
0.67 9.76 -0.52
0.60 9.75 -0.62
0.44 9.77 -0.41
0.51 9.71 -0.59
0.48 9.72 -0.66
0.46 9.75 -0.59
0.31 9.78 -0.76
0.27 9.77 -0.53
-0.12 9.77 -0.72
0.59 9.74 -0.78
0.02 9.73 -0.64
0.25 9.77 -0.68
0.20 9.73 -0.78
-0.05 9.77 -0.76
0.07 9.72 -0.56
0.87 9.75 -0.40
0.29 9.68 -0.79
0.42 9.77 -0.56
0.25 9.71 -0.50
0.26 9.73 -0.62
0.41 9.77 -0.59
0.69 9.68 -0.66
0.46 9.76 -0.49
0.16 9.68 -0.69
0.21 9.78 -0.70
0.61 9.76 -0.54
0.00 9.73 -0.74
0.45 9.75 -0.72
-0.09 9.78 -0.81
0.53 9.69 -0.65
0.65 9.74 -0.75
0.92 9.73 -0.80
0.33 9.82 -0.64
0.54 9.76 -0.61
0.29 9.77 -0.67
0.18 9.74 -0.58
0.51 9.77 -0.50
0.07 9.75 -0.61
0.52 9.72 -0.56
0.15 9.80 -0.57
0.95 9.67 -0.59
0.88 9.71 -0.56
0.19 9.72 -0.71
0.32 9.82 -0.53
0.73 9.77 -0.49
0.40 9.68 -0.67
0.51 9.77 -0.61
0.72 9.84 -0.42
0.21 9.71 -0.51
0.27 9.75 -0.57
0.68 9.73 -0.66
0.58 9.80 -0.63
0.47 9.75 -0.58
0.22 9.79 -0.72
0.28 9.72 -0.55
0.13 9.73 -0.62
0.15 9.72 -0.52
0.39 9.75 -0.63
0.50 9.68 -0.61
0.89 9.76 -0.61
0.42 9.74 -0.56
0.27 9.76 -0.67
0.01 9.73 -0.58
0.34 9.70 -0.51
-0.06 9.79 -0.53
0.57 9.71 -0.62
0.55 9.77 -0.72
0.21 9.77 -0.65
0.35 9.74 -0.63
0.36 9.68 -0.56
0.43 9.72 -0.72
0.07 9.68 -0.59
0.78 9.76 -0.63
0.50 9.72 -0.53
-0.18 9.76 -0.66
0.30 9.83 -0.52
0.48 9.77 -0.69
-0.12 9.77 -0.62
0.73 9.72 -0.61
0.24 9.78 -0.56
0.58 9.72 -0.57
-0.13 9.73 -0.75
0.81 9.70 -0.77
-0.02 9.75 -0.52
0.43 9.74 -0.67
0.72 9.69 -0.80
0.01 9.74 -0.82
0.05 9.77 -0.62
0.25 9.79 -0.60
-0.05 9.71 -0.64
0.44 9.73 -0.69
0.45 9.74 -0.57
0.68 9.73 -0.54
0.47 9.77 -0.77
0.41 9.75 -0.69
0.24 9.71 -0.73
0.96 9.69 -0.71
0.15 9.73 -0.82
0.39 9.70 -0.84
0.34 9.75 -0.52
0.82 9.73 -0.68
0.59 9.69 -0.68
0.11 9.76 -0.51
0.52 9.71 -0.77
0.22 9.72 -0.61
1.15 9.76 -0.63
0.53 9.74 -0.77
0.23 9.76 -0.53
0.47 9.74 -0.57
0.27 9.75 -0.56
0.09 9.75 -0.64
0.47 9.79 -0.44
0.27 9.71 -0.55
0.48 9.77 -0.56
0.79 9.72 -0.61
0.64 9.76 -0.50
0.94 9.72 -0.69
0.69 9.74 -0.57
0.35 9.79 -0.71
0.55 9.79 -0.58
0.61 9.72 -0.80
0.15 9.83 -0.61
-0.23 9.77 -0.79
0.80 9.69 -0.69
0.19 9.72 -0.59
0.03 9.70 -0.70
-0.20 9.70 -0.70
0.35 9.71 -0.82
0.16 9.75 -0.64
0.53 9.71 -0.76
-0.00 9.79 -0.63
0.30 9.73 -0.62
1.07 9.65 -0.54
0.16 9.77 -0.61
0.39 9.77 -0.54
0.09 9.75 -0.66
0.77 9.77 -0.56
0.46 9.72 -0.53
0.46 9.72 -0.76
0.50 9.73 -0.73
0.49 9.76 -0.67
0.55 9.71 -0.78
0.86 9.70 -0.66
0.03 9.70 -0.60
0.62 9.77 -0.62
0.66 9.77 -0.44
0.04 9.81 -0.53
0.95 9.65 -0.79
-0.25 9.79 -0.48
0.80 9.71 -0.61
0.44 9.74 -0.64
0.42 9.72 -0.69
0.45 9.73 -0.54
0.62 9.81 -0.62
0.68 9.77 -0.70
0.71 9.57 -0.57
0.54 10.35 -0.59
0.45 9.64 -0.38
-0.01 9.60 -0.93
0.33 10.03 -1.20
-0.06 9.32 -0.56
0.27 10.10 -1.07
-0.06 9.46 -0.67
0.30 9.70 -0.65
0.37 9.99 -0.54
0.39 9.41 -0.15
0.58 10.09 -0.70
0.53 9.49 -0.46
0.52 9.83 -0.32
0.60 9.88 -0.61
0.34 9.47 -0.61
0.52 10.06 -0.75
0.24 9.49 -0.59
0.38 9.83 -0.74
0.27 9.75 -0.70
0.25 9.53 -0.80
0.32 10.00 -0.66
0.33 9.58 -0.59
0.38 9.78 -0.73
0.43 9.75 -0.54
0.33 9.65 -0.55
0.47 9.84 -0.65
0.33 9.58 -0.49
