-2.40 9.94 -0.65
-3.27 9.30 -5.67
-3.60 8.95 -8.88
-0.44 10.04 0.23
-3.89 8.46 -7.56
-1.67 9.94 -2.03
-0.95 10.06 0.78
0.49 8.57 -4.06
-0.94 10.08 2.84
-5.57 9.54 -7.09
-1.19 9.01 -8.04
1.59 12.76 14.05
1.58 9.34 0.91
3.87 9.57 3.25
-2.92 9.49 -6.50
-1.60 9.02 -7.83
1.06 11.72 8.70
-0.33 8.94 -1.67
2.52 9.49 3.01
4.83 9.14 0.74
1.66 9.31 -1.01
-6.98 9.39 -9.14
-1.42 9.50 -7.05
-1.87 10.63 3.21
1.63 9.73 1.32
1.89 9.53 1.60
1.61 9.65 -0.73
-0.76 9.27 -5.37
-2.09 9.73 -3.46
-1.61 9.75 -4.12
-0.99 10.56 3.36
-0.66 9.63 0.60
2.53 9.38 0.54
-0.32 9.04 -2.65
-0.65 9.54 -3.09
-3.19 9.28 -6.57
-3.17 9.93 -3.12
1.07 10.42 3.68
3.32 9.55 0.11
2.08 9.76 1.71
1.74 9.96 1.81
1.34 9.71 -0.86
0.29 10.21 -0.52
-1.84 9.22 -4.67
-1.22 10.53 3.52
1.30 9.03 -1.77
2.34 9.75 1.23
6.38 9.81 2.39
3.61 9.63 1.00
0.44 9.45 -1.70
-1.41 9.50 -3.11
-4.52 9.37 -6.46
-2.26 9.84 -4.03
1.25 10.33 3.18
0.64 9.63 0.57
2.43 9.56 1.45
-0.84 9.47 -0.19
0.49 9.52 -1.56
-1.09 10.44 -0.04
-3.75 9.20 -5.15
-2.07 10.29 1.14
0.28 9.22 -2.02
1.87 9.87 1.79
4.72 9.73 2.14
2.99 9.78 1.14
-2.36 9.47 -2.15
-0.07 9.60 -2.02
-6.33 9.63 -6.45
-0.60 9.52 -4.63
0.16 10.54 3.61
2.72 9.60 -0.04
2.58 9.77 1.45
3.76 10.18 3.07
1.28 9.68 -0.66
-0.37 10.47 0.65
-2.74 9.58 -4.14
-1.21 9.32 -5.38
-0.13 9.42 -4.52
2.15 10.16 2.36
0.14 9.64 0.31
2.94 9.67 1.78
-2.11 9.48 -0.94
-1.22 9.61 -1.77
-3.67 9.90 -3.46
-2.29 9.47 -4.99
-0.48 10.21 1.06
1.94 9.21 -2.07
2.08 9.96 2.23
3.65 9.60 1.34
0.43 9.81 0.87
0.81 9.33 -2.15
-1.21 9.54 -3.28
-5.59 9.37 -7.33
-0.11 9.77 -4.34
-2.37 10.67 4.21
2.19 9.43 -0.49
1.98 9.87 1.83
5.12 10.00 3.02
1.50 9.75 -0.03
0.62 10.24 -0.35
-1.88 9.34 -4.36
-2.66 9.64 -3.16
-1.45 9.47 -2.85
0.96 10.54 3.95
0.97 9.64 0.63
3.83 9.61 1.74
0.17 9.83 1.48
-1.67 9.61 -1.90
-2.36 10.12 -1.73
-4.43 9.34 -4.88
-1.85 10.31 2.85
-1.85 9.41 -2.97
1.24 10.04 2.69
1.68 9.58 1.22
1.65 9.79 1.32
-0.79 9.10 -3.07
-0.10 9.42 -2.90
-4.38 9.32 -7.51
-0.46 9.50 -4.96
1.52 10.60 4.10
3.71 9.59 0.36
2.50 9.97 3.13
3.90 10.00 3.17
1.71 9.93 1.15
1.19 9.74 -1.34
-0.48 9.63 -3.49
-1.89 9.50 -5.57
-0.18 9.64 -3.54
2.76 10.31 3.46
3.42 9.42 0.66
3.01 9.81 2.31
3.03 10.27 3.29
0.73 9.81 -0.53
0.71 10.16 0.24
-3.53 9.21 -5.09
-0.60 10.17 0.46
0.43 9.20 -2.45
2.98 9.96 2.80
2.34 9.56 1.14
4.32 9.54 1.67
-1.27 9.79 0.61
-0.37 9.58 -1.60
-1.52 9.88 -2.89
-2.70 9.50 -5.27
-1.67 10.59 4.01
2.03 9.36 -0.56
1.84 9.77 1.66
6.06 9.93 3.07
2.48 9.78 0.39
-0.02 9.43 -2.31
0.01 9.49 -3.05
-3.10 9.38 -6.66
-1.28 9.90 -4.51
0.03 10.49 3.82
2.62 9.48 0.24
3.17 9.63 1.55
4.05 9.84 3.24
0.27 9.60 -1.12
-1.54 10.26 -1.54
-4.20 9.47 -4.55
-3.23 9.65 -3.35
-0.50 9.56 -3.41
0.76 10.19 3.26
0.48 9.68 1.59
2.82 9.54 1.37
-3.12 9.28 -1.54
-0.97 9.56 -2.42
-1.80 9.36 -6.83
-2.67 9.03 -5.52
-1.56 10.24 1.97
0.73 9.17 -1.70
2.65 9.79 2.46
3.45 9.76 2.12
3.77 9.76 1.21
-1.22 9.49 -2.42
-2.69 9.67 -3.86
-1.84 9.09 -7.37
-1.42 9.47 -4.74
0.03 10.75 4.69
2.68 9.51 0.24
2.83 9.88 3.00
4.39 10.24 3.49
0.53 9.90 0.03
-0.05 10.29 0.05
-2.55 9.31 -5.06
-1.37 9.92 -1.19
-0.78 9.60 -4.24
1.85 10.44 3.02
3.72 9.53 0.63
2.75 9.44 1.37
-1.53 9.72 0.46
-0.71 9.61 -1.20
-2.02 10.20 -1.43
-3.12 9.39 -4.64
-1.12 10.61 3.98
-1.48 9.37 -2.93
2.06 10.14 2.78
2.55 9.42 0.89
3.07 9.60 1.12
-1.40 9.31 -2.12
0.22 9.39 -2.62
-5.01 9.46 -7.03
-1.97 9.76 -4.78
-0.41 10.74 4.79
1.55 9.15 -1.64
3.21 9.65 2.03
5.37 9.90 2.73
1.53 9.90 0.50
1.60 9.93 -0.76
-2.21 9.43 -3.94
-3.81 9.38 -5.19
-2.95 9.69 -4.13
1.52 10.27 3.72
1.41 9.50 0.91
2.73 9.87 1.88
2.69 9.99 2.43
0.81 9.57 -0.74
0.47 10.31 0.45
-2.80 9.25 -4.50
-2.53 10.13 0.77
-0.80 9.22 -2.57
3.15 9.83 2.43
2.82 9.65 1.49
4.39 9.57 1.73
-2.33 9.34 -1.20
0.04 9.41 -2.09
-1.65 9.77 -4.50
-1.39 9.50 -5.14
0.22 10.58 3.76
3.06 9.47 -0.31
2.76 9.87 2.07
5.99 10.22 3.76
2.53 9.77 1.48
-3.36 9.42 -2.63
-1.41 9.60 -3.00
-1.59 9.20 -7.27
-0.17 9.69 -4.35
2.24 10.60 4.11
3.00 9.63 0.52
3.75 9.74 2.28
3.83 9.95 2.71
0.00 9.77 -0.90
-0.93 10.33 -0.09
-2.76 9.38 -4.81
-1.07 9.54 -3.67
0.85 9.40 -3.07
1.64 10.27 3.10
0.12 9.57 0.66
2.95 9.63 1.72
-3.63 9.60 -0.68
-0.05 9.60 -1.79
-2.72 9.69 -4.51
-2.80 9.21 -4.95
-0.55 10.37 2.40
2.24 9.04 -2.13
3.28 9.88 2.80
3.72 9.53 1.59
4.57 9.49 0.40
-1.97 9.60 -2.85
-2.61 9.43 -4.53
-5.08 9.36 -7.20
-0.28 9.71 -4.20
0.54 10.67 5.19
3.69 9.43 0.28
3.81 10.04 2.71
5.38 10.00 3.51
-0.53 9.73 -0.86
-1.45 10.22 -1.50
-2.85 9.14 -5.43
-4.15 9.88 -1.57
-1.76 9.79 -4.61
2.05 10.58 5.30
1.64 9.68 1.07
2.69 9.70 2.14
1.34 9.65 1.69
0.68 9.57 -0.95
-3.10 10.11 -2.39
-2.51 9.18 -4.86
-1.79 10.53 3.48
-1.33 9.41 -2.68
0.76 9.92 2.41
1.59 9.58 1.55
2.74 9.65 1.22
-1.80 9.14 -3.29
-1.36 9.62 -3.28
-3.92 9.38 -7.22
-1.06 9.64 -4.58
2.24 10.63 4.44
3.63 9.66 0.59
3.27 9.71 1.74
6.73 10.20 3.26
2.34 9.93 0.36
0.55 9.76 -1.79
-2.41 9.49 -4.57
-1.44 9.25 -5.89
-1.74 9.66 -3.83
3.17 10.40 4.38
1.68 9.70 1.40
2.94 9.84 2.50
1.79 10.21 3.08
0.06 9.80 -0.43
0.82 10.34 0.60
-3.36 9.23 -4.95
-2.40 10.02 -0.22
0.32 9.42 -2.58
3.35 9.88 1.62
2.11 9.47 0.35
1.51 9.54 0.54
2.20 9.88 0.84
0.44 9.76 -1.32
-1.49 9.99 -0.66
-0.82 9.73 -1.57
0.31 9.57 -0.93
1.36 9.77 -0.46
0.38 9.57 -0.67
1.31 9.84 -0.30
0.39 9.83 -0.39
0.85 9.70 -0.83
0.21 9.78 -0.59
0.41 9.83 -0.56
1.13 9.71 -0.46
0.70 9.66 -0.63
1.07 9.78 -0.54
-0.20 9.66 -0.69
0.48 9.77 -0.72
0.24 9.75 -0.47
0.54 9.66 -0.82
1.09 9.76 -0.50
0.35 9.73 -0.74
0.15 9.74 -0.84
1.04 9.64 -0.48
0.05 9.77 -0.81
0.51 9.68 -0.61
0.32 9.77 -0.50
0.69 9.81 -0.39
0.30 9.74 -0.59
0.63 9.72 -0.61
0.56 9.76 -0.63
0.28 9.73 -0.78
0.72 9.60 -0.68
0.20 9.74 -0.78
0.73 9.74 -0.61
0.81 9.78 -0.57
0.22 9.77 -0.71
0.46 9.71 -0.64
-0.15 9.74 -0.63
0.51 9.74 -0.70
0.33 9.74 -0.56
0.17 9.72 -0.57
0.07 9.78 -0.67
0.20 9.67 -0.73
0.51 9.73 -0.67
-0.14 9.80 -0.59
0.36 9.77 -0.53
0.22 9.72 -0.41
0.58 9.66 -0.58
0.67 9.75 -0.62
0.77 9.75 -0.54
0.62 9.77 -0.49
0.52 9.76 -0.55
0.46 9.72 -0.65
0.45 9.72 -0.75
0.79 9.74 -0.66
0.28 9.74 -0.86
0.35 9.72 -0.60
0.22 9.72 -0.58
0.55 9.74 -0.53
0.52 9.77 -0.66
0.12 9.77 -0.77
0.54 9.73 -0.83
0.43 9.74 -0.78
0.29 9.74 -0.71
0.22 9.80 -0.44
0.55 9.75 -0.51
0.61 9.71 -0.56
0.35 9.79 -0.49
0.37 9.72 -0.68
0.25 9.74 -0.73
0.40 9.66 -0.56
0.45 9.68 -0.46
0.11 9.75 -0.61
0.42 9.74 -0.56
0.20 9.73 -0.62
0.28 9.77 -0.57
0.36 9.69 -0.55
0.42 9.78 -0.61
0.22 9.68 -0.65
0.65 9.67 -0.54
0.15 9.77 -0.77
0.79 9.74 -0.51
0.77 9.76 -0.71
0.34 9.76 -0.60
0.55 9.74 -0.66
0.54 9.77 -0.64
0.22 9.77 -0.69
0.91 9.73 -0.56
0.55 9.70 -0.68
0.33 9.67 -0.72
0.59 9.72 -0.60
-0.01 9.79 -0.67
0.47 9.78 -0.57
0.12 9.66 -0.71
-0.00 9.69 -0.74
0.17 9.73 -0.62
0.45 9.73 -0.68
0.17 9.75 -0.79
0.33 9.80 -0.53
0.05 9.73 -0.59
0.15 9.73 -0.69
0.90 9.70 -0.64
0.08 9.74 -0.68
0.32 9.71 -0.71
-0.36 9.78 -0.67
0.84 9.72 -0.49
0.42 9.71 -0.65
0.23 9.71 -0.54
0.63 9.74 -0.63
0.41 9.74 -0.55
0.40 9.67 -0.66
0.27 9.72 -0.71
0.34 9.73 -0.66
0.21 9.72 -0.57
0.64 9.69 -0.65
0.14 9.75 -0.78
0.30 9.78 -0.64
0.42 9.78 -0.52
0.46 9.65 -0.59
0.50 9.75 -0.70
0.41 9.75 -0.58
0.29 9.71 -0.79
0.51 9.80 -0.67
0.63 9.68 -0.53
0.43 9.65 -0.79
0.33 9.78 -0.67
0.26 9.73 -0.51
0.45 9.72 -0.71
0.56 9.78 -0.77
0.29 9.80 -0.75
0.28 9.83 -0.64
0.81 9.73 -0.48
0.56 9.73 -0.61
0.12 9.76 -0.52
0.37 9.72 -0.67
1.11 9.75 -0.52
0.23 9.75 -0.59
0.43 9.75 -0.60
0.42 9.62 -0.62
0.27 9.73 -0.65
0.83 9.73 -0.68
0.78 9.76 -0.74
0.39 9.76 -0.77
0.21 9.67 -0.67
-0.24 9.77 -0.63
0.65 9.76 -0.56
0.80 9.72 -0.55
0.94 9.82 -0.63
0.41 9.82 -0.72
0.33 9.80 -0.67
0.96 9.66 -0.72
0.88 9.74 -0.77
0.58 9.72 -0.75
0.42 9.79 -0.70
0.26 9.71 -0.50
0.03 9.79 -0.65
0.96 9.69 -0.64
0.79 9.78 -0.68
0.20 9.75 -0.59
0.62 9.74 -0.66
0.55 9.73 -0.61
0.27 9.78 -0.57
0.40 9.66 -0.67
0.42 9.73 -0.65
0.39 9.70 -0.77
0.50 9.67 -0.82
0.84 9.69 -0.60
-0.13 9.76 -0.47
0.33 9.68 -0.67
0.36 9.69 -0.79
0.33 9.74 -0.61
0.21 9.80 -0.57
0.23 9.69 -0.74
0.38 9.80 -0.66
0.69 9.81 -0.39
0.83 9.73 -0.53
-0.02 9.74 -0.68
0.52 9.76 -0.63
0.13 9.79 -0.58
0.55 9.70 -0.61
0.60 9.70 -0.64
0.35 9.80 -0.71
1.03 9.81 -0.61
0.15 9.75 -0.72
0.18 9.81 -0.84
0.13 9.30 -0.65
0.57 10.33 -0.82
0.30 9.18 -0.76
0.72 10.02 -0.49
0.63 9.77 -0.23
0.59 9.37 -0.66
0.67 10.16 -0.71
0.36 9.39 -0.67
0.54 9.99 -0.70
0.48 9.77 -0.72
0.23 9.43 -0.87
0.34 9.98 -0.80
0.18 9.50 -0.46
0.35 9.89 -0.86
0.25 9.71 -0.58
0.41 9.57 -0.55
0.44 9.97 -0.69
0.40 9.49 -0.46
0.49 9.96 -0.68
0.40 9.73 -0.55
0.39 9.64 -0.43
0.45 9.89 -0.77
0.31 9.57 -0.67
0.48 9.90 -0.62
