1.55 10.42 2.96
0.41 8.59 -5.37
0.41 11.14 6.75
1.22 8.74 -4.17
2.01 9.73 1.97
2.59 9.75 0.96
2.34 9.34 -1.15
-1.91 10.33 -2.05
-1.10 9.04 -4.73
0.53 11.05 5.64
3.28 9.56 -0.60
1.70 9.84 1.67
4.80 9.77 1.73
1.16 9.43 -1.10
-0.38 10.16 -0.66
-2.54 9.27 -4.56
-0.35 10.40 3.41
0.56 9.55 -1.54
1.30 9.71 1.19
5.54 9.51 1.26
1.18 9.65 0.32
0.87 9.76 -0.99
-1.68 9.62 -3.67
-2.08 9.88 -2.49
-1.07 9.60 -1.65
0.58 9.99 2.10
1.52 9.57 0.29
2.63 9.87 1.31
-0.83 9.58 -0.85
-0.40 9.72 -1.60
-3.30 9.88 -3.57
-1.76 9.51 -3.63
-0.32 10.46 3.50
1.38 9.57 -0.23
3.14 9.74 1.43
6.55 9.90 2.61
2.22 9.67 0.30
0.85 9.87 -0.78
-2.56 9.54 -3.63
-1.69 9.58 -3.50
-0.17 9.68 -2.42
2.11 10.06 3.09
2.53 9.47 1.00
2.36 9.60 1.17
-2.95 9.30 -2.58
-0.28 9.64 -1.28
-2.11 9.88 -3.01
-1.40 9.39 -4.27
1.45 10.32 3.02
2.83 9.40 0.16
1.96 9.75 1.81
5.12 9.81 1.40
0.59 9.78 -0.30
0.40 10.07 -0.26
-2.87 9.39 -3.97
-2.65 9.45 -5.74
-2.25 9.70 -3.49
2.75 10.23 2.71
1.70 9.64 0.48
2.75 9.72 1.68
-2.70 9.67 -0.99
0.71 9.51 -1.58
-2.73 10.09 -1.84
-2.04 9.38 -3.48
-1.74 10.11 0.96
0.77 9.38 -1.46
2.10 9.88 2.07
3.44 9.56 0.79
2.58 9.59 0.40
-0.88 9.32 -2.90
-1.22 9.56 -2.96
-4.39 9.54 -5.12
-1.64 9.71 -3.31
-0.33 10.47 3.10
3.42 9.59 -0.20
2.51 9.72 1.35
5.01 9.98 1.70
0.81 9.85 -0.19
0.84 10.16 0.49
-3.14 9.43 -3.77
-1.90 9.76 -1.72
-1.12 9.35 -2.40
0.56 10.26 2.47
-0.15 9.60 0.52
2.29 9.73 1.54
-0.61 9.84 0.79
-0.14 9.51 -1.43
-1.95 10.15 -0.93
-0.47 9.45 -3.68
-0.38 10.08 1.69
2.14 9.36 -0.84
1.91 9.87 1.57
2.76 9.56 0.73
1.61 9.78 1.12
-1.29 9.38 -2.50
-0.63 9.59 -2.68
-4.13 9.62 -5.66
0.58 9.73 -3.53
1.55 10.25 2.86
2.74 9.77 0.54
2.22 9.73 1.00
5.58 10.05 2.25
1.41 9.83 0.20
-1.33 9.70 -1.77
-2.04 9.45 -3.76
-0.37 9.59 -3.21
-0.68 9.60 -2.61
1.20 10.16 2.50
0.38 9.61 0.07
2.21 9.71 1.44
0.19 10.02 2.24
-2.68 9.70 -1.33
1.47 10.15 0.14
-3.08 9.43 -4.41
-0.68 10.13 0.81
1.39 9.26 -1.42
3.29 9.80 2.05
2.97 9.53 0.96
2.33 9.70 0.81
-2.05 9.54 -1.05
-1.33 9.48 -1.92
-2.96 9.83 -2.86
-1.16 9.62 -3.70
0.01 10.31 2.69
0.63 9.55 -0.35
1.96 9.86 1.39
5.94 9.90 2.55
0.57 9.85 -0.14
1.44 10.01 -0.95
-0.01 9.54 -2.99
-4.30 9.62 -4.83
-1.96 9.86 -3.23
0.22 10.10 2.29
1.61 9.66 0.11
2.70 9.76 1.19
2.72 9.87 1.36
0.78 9.77 -0.91
-2.41 10.21 -0.76
-2.87 9.59 -3.47
-2.32 9.74 -2.83
-0.67 9.66 -2.44
0.78 10.09 2.65
2.98 9.41 0.67
2.38 9.63 1.05
-0.94 9.30 -1.60
0.14 9.56 -2.14
-2.69 9.71 -4.58
-3.19 9.18 -4.62
-1.20 10.04 0.68
0.49 9.36 -1.36
1.71 9.71 1.59
3.58 9.71 1.16
2.46 9.77 0.99
-0.86 9.32 -2.88
-0.99 9.83 -2.70
-1.25 9.37 -5.33
-1.03 9.58 -3.56
0.28 10.39 2.75
2.00 9.54 -0.14
3.48 9.70 1.20
4.88 10.03 1.96
1.92 9.72 -0.28
-0.41 10.07 -0.88
-2.98 9.54 -3.80
-0.92 9.77 -1.29
-1.30 9.82 -3.14
1.89 10.28 2.58
0.43 9.75 0.91
2.29 9.76 1.89
0.87 9.88 1.53
-1.60 9.59 -1.21
-1.75 10.38 0.31
-2.99 9.32 -3.59
-1.14 10.30 2.38
-0.87 9.31 -3.31
3.02 9.92 2.75
1.20 9.44 0.53
1.18 9.75 0.97
-2.47 9.32 -2.20
-1.34 9.64 -2.56
-3.33 9.84 -3.39
-0.74 9.63 -3.41
-0.23 10.57 3.64
1.50 9.26 -1.52
2.69 9.93 2.02
4.02 9.70 1.22
3.63 9.72 0.87
-0.61 9.53 -2.35
-1.03 9.67 -3.13
-4.42 9.39 -5.75
-0.94 9.83 -3.09
-0.11 10.32 2.87
1.57 9.80 0.71
3.04 9.88 1.51
6.33 9.89 2.00
1.50 9.80 -0.34
3.26 10.01 -0.06
-2.74 9.56 -3.53
-2.44 9.71 -2.68
0.01 9.40 -2.56
1.73 9.93 2.60
2.37 9.65 1.05
3.07 9.55 0.95
2.07 9.84 1.37
-0.01 9.76 -1.25
-0.47 10.27 0.06
-2.27 9.46 -3.96
-1.29 10.17 1.23
0.30 9.30 -1.43
2.04 9.90 1.41
4.08 9.73 1.44
3.02 9.71 0.74
-0.73 9.36 -3.24
-0.77 9.50 -2.28
-3.77 9.92 -3.69
-1.35 9.63 -3.85
0.51 10.26 2.54
2.30 9.45 -0.36
1.56 9.80 0.89
4.27 10.19 2.68
0.63 9.78 -0.34
0.01 10.07 -0.25
-1.64 9.61 -3.05
-3.12 9.40 -5.32
-0.80 9.85 -3.04
1.26 10.27 2.52
0.28 9.85 0.56
2.84 9.70 1.64
0.28 9.84 0.99
-0.60 9.69 -1.00
-1.37 10.28 0.54
-3.76 9.53 -3.94
-1.18 9.65 -2.91
-0.57 9.45 -2.58
1.90 10.03 2.64
2.18 9.46 0.59
4.31 9.49 0.99
-0.58 9.28 -2.23
-0.70 9.46 -2.50
-4.67 9.80 -4.30
-0.94 9.71 -3.94
0.37 10.03 1.44
0.94 9.31 -1.32
2.11 9.99 2.18
4.02 9.69 1.22
2.88 9.84 0.83
1.27 9.38 -2.48
-1.01 9.69 -2.85
-3.78 9.53 -5.17
-0.82 9.83 -3.09
1.40 10.22 2.90
1.83 9.64 0.46
2.88 9.77 1.17
4.47 10.00 2.13
1.21 9.81 0.05
2.04 10.05 -0.27
-2.58 9.49 -3.91
-2.71 9.72 -3.09
-1.00 9.66 -2.17
1.48 10.01 2.68
3.29 9.57 0.17
4.05 9.63 1.35
2.88 10.00 2.93
-0.39 9.67 -0.95
-0.20 10.29 0.17
-1.45 9.24 -4.03
-2.11 10.13 0.93
0.67 9.32 -1.52
0.87 9.93 1.95
1.86 9.60 0.68
1.44 9.66 1.18
-2.77 9.28 -1.46
-0.55 9.53 -2.29
-2.33 9.60 -4.42
-2.32 9.61 -4.10
0.79 10.46 2.76
3.15 9.41 0.22
3.81 9.66 1.42
2.62 9.64 1.02
2.51 9.56 0.21
-3.58 9.34 -3.68
-2.48 9.69 -3.56
-1.64 9.43 -5.57
-1.48 9.68 -3.91
1.82 10.34 2.51
0.82 9.70 0.38
3.06 9.75 1.94
5.85 9.84 1.57
1.24 9.73 -0.47
-0.43 9.89 -1.46
-3.42 9.64 -3.70
-1.46 9.84 -1.45
-1.21 9.69 -1.76
1.72 9.75 0.53
2.23 9.72 0.42
1.68 9.57 -0.51
1.19 9.70 -0.62
0.59 9.73 -0.85
-0.56 9.73 -1.06
-1.04 9.79 -0.61
-0.27 9.58 -0.97
0.50 9.77 -0.51
0.14 9.74 -0.31
0.50 9.82 -0.79
-0.09 9.68 -0.81
0.70 9.70 -0.51
0.31 9.76 -0.56
0.36 9.72 -0.62
0.22 9.77 -0.46
0.57 9.72 -0.37
0.44 9.79 -0.42
0.12 9.71 -0.52
0.15 9.81 -0.61
0.37 9.78 -0.72
0.11 9.93 -0.68
-0.00 9.85 -0.86
0.67 9.71 -0.54
-0.15 9.78 -0.77
0.69 9.63 -0.90
0.45 9.71 -0.60
0.48 9.66 -0.64
0.24 9.77 -0.65
0.50 9.74 -0.75
0.70 9.71 -0.53
0.62 9.71 -0.58
0.13 9.70 -0.73
0.34 9.81 -0.62
0.50 9.74 -0.54
0.43 9.74 -0.50
0.30 9.71 -0.67
0.46 9.81 -0.75
0.25 9.69 -0.58
0.24 9.73 -0.72
0.82 9.73 -0.58
0.52 9.77 -0.47
0.26 9.75 -0.54
0.20 9.69 -0.67
0.57 9.77 -0.45
0.54 9.66 -0.69
0.09 9.73 -0.55
0.77 9.77 -0.59
0.03 9.77 -0.45
0.00 9.76 -0.73
0.89 9.73 -0.48
-0.05 9.77 -0.61
0.03 9.75 -0.57
0.21 9.69 -0.73
0.36 9.70 -0.51
0.47 9.75 -0.62
0.28 9.74 -0.81
0.51 9.73 -0.84
0.21 9.74 -0.60
0.32 9.82 -0.69
0.61 9.76 -0.49
0.22 9.72 -0.68
0.28 9.73 -0.73
0.23 9.72 -0.65
0.24 9.75 -0.62
0.16 9.69 -0.73
0.31 9.74 -0.68
0.74 9.69 -0.70
0.51 9.73 -0.72
0.18 9.74 -0.52
0.22 9.76 -0.71
-0.18 9.72 -0.64
0.46 9.71 -0.64
0.50 9.73 -0.56
0.65 9.75 -0.69
0.66 9.78 -0.57
0.97 9.73 -0.68
0.32 9.72 -0.65
-0.11 9.78 -0.53
0.21 9.77 -0.68
0.04 9.71 -0.80
0.37 9.75 -0.63
0.58 9.74 -0.60
0.45 9.75 -0.64
0.57 9.74 -0.79
0.62 9.74 -0.61
0.85 9.77 -0.64
0.90 9.68 -0.71
0.40 9.75 -0.78
0.58 9.69 -0.73
0.06 9.72 -0.76
0.32 9.72 -0.80
0.70 9.74 -0.77
0.15 9.77 -0.58
0.05 9.73 -0.61
-0.18 9.72 -0.67
0.12 9.74 -0.62
0.03 9.72 -0.59
0.05 9.72 -0.84
0.47 9.79 -0.49
0.86 9.71 -0.44
0.37 9.72 -0.60
0.37 9.71 -0.61
0.76 9.74 -0.60
0.60 9.70 -0.56
0.72 9.77 -0.77
0.26 9.76 -0.70
0.55 9.76 -0.71
0.15 9.77 -0.68
0.12 9.72 -0.53
0.44 9.69 -0.67
0.17 9.77 -0.69
0.09 9.77 -0.71
0.55 9.72 -0.52
0.36 9.74 -0.59
0.49 9.69 -0.71
0.03 9.76 -0.63
0.08 9.75 -0.72
0.85 9.73 -0.55
0.63 9.77 -0.56
0.35 9.77 -0.48
0.12 9.73 -0.62
0.17 9.76 -0.70
0.09 9.80 -0.62
0.29 9.72 -0.78
0.51 9.74 -0.73
0.66 9.78 -0.66
0.67 9.71 -0.68
0.36 9.76 -0.63
0.70 9.74 -0.56
0.54 9.73 -0.68
0.38 9.77 -0.60
0.10 9.76 -0.71
0.29 9.70 -0.78
0.39 9.71 -0.69
0.74 9.73 -0.58
0.74 9.73 -0.61
0.90 9.73 -0.60
0.47 9.79 -0.69
0.47 9.81 -0.74
0.97 9.72 -0.62
0.53 9.74 -0.56
0.02 9.76 -0.53
-0.11 9.75 -0.64
0.06 9.71 -0.62
0.28 9.69 -0.34
0.15 9.81 -0.40
0.20 9.75 -0.64
0.51 9.66 -0.53
0.64 9.71 -0.56
0.36 9.71 -0.48
0.21 9.74 -0.60
0.59 9.74 -0.68
0.69 9.77 -0.67
0.59 9.79 -0.53
0.73 9.72 -0.70
0.57 9.68 -0.77
-0.13 9.70 -0.70
0.55 9.70 -0.58
0.11 9.78 -0.46
0.23 9.76 -0.60
0.33 9.70 -0.52
0.34 9.76 -0.65
0.94 9.70 -0.44
0.30 9.77 -0.45
0.85 9.69 -0.50
-0.31 9.77 -0.51
0.24 9.73 -0.78
0.16 9.71 -0.70
0.69 9.76 -0.76
0.15 9.73 -0.62
0.70 9.70 -0.64
0.36 9.74 -0.58
0.29 9.73 -0.45
0.78 9.69 -0.89
0.11 9.76 -0.47
0.13 9.75 -0.69
0.36 9.76 -0.63
0.50 9.74 -0.63
0.32 9.74 -0.56
0.67 9.70 -0.56
0.23 9.74 -0.67
0.42 9.66 -0.70
0.06 9.51 -0.57
0.06 10.24 -0.96
-0.33 9.27 -0.70
0.16 10.12 -1.05
0.28 9.50 -0.92
0.34 9.64 -0.18
0.54 10.07 -0.62
0.24 9.32 -0.37
0.71 10.03 -0.55
0.45 9.67 -0.55
0.56 9.60 -0.32
0.50 9.99 -0.66
0.38 9.42 -0.69
0.44 10.01 -0.64
0.34 9.56 -0.65
0.24 9.69 -0.83
0.39 9.93 -0.83
0.22 9.50 -0.56
0.43 10.02 -0.80
0.30 9.58 -0.67
0.46 9.77 -0.71
0.42 9.94 -0.45
0.41 9.57 -0.44
0.45 9.91 -0.82
0.43 9.64 -0.48
0.44 9.82 -0.50
0.36 9.80 -0.76
