0.45 10.59 6.15
0.84 9.74 -0.78
0.30 8.34 -14.41
-4.36 8.59 -13.61
-3.26 12.55 12.90
0.19 7.87 -5.22
0.71 9.69 2.57
5.82 8.62 0.39
4.05 8.55 -4.57
0.54 8.37 -14.55
-0.29 8.34 -12.27
1.43 12.65 11.02
1.46 9.16 -1.08
4.83 9.42 4.15
3.34 9.82 4.47
0.30 9.87 -0.07
-4.63 8.68 -12.58
-3.92 9.25 -10.78
-2.80 13.00 15.29
0.27 8.47 -5.00
1.53 9.64 1.87
4.97 8.97 1.34
2.22 9.06 -3.21
-0.51 8.29 -15.44
-1.51 8.59 -11.95
-1.75 12.70 11.75
1.39 9.22 -0.12
5.11 9.50 3.37
-0.87 9.97 3.97
1.99 9.93 1.05
1.36 8.68 -11.35
-1.61 9.20 -10.42
-1.97 12.99 14.49
1.68 8.15 -4.72
2.36 9.73 2.35
7.63 9.07 2.31
2.57 8.94 -1.04
2.43 9.25 -8.70
-3.79 8.67 -9.06
-2.66 12.46 12.09
-1.52 8.77 -4.80
5.11 9.45 4.49
1.41 10.44 6.66
4.48 9.82 1.39
-3.47 9.11 -11.47
-2.55 8.78 -8.33
-3.53 11.70 7.63
2.38 7.79 -7.26
3.36 9.96 3.50
5.51 10.03 4.80
2.84 9.17 -0.16
-1.62 9.41 -9.73
-1.21 8.82 -9.52
-4.00 10.84 4.47
-0.29 8.55 -7.27
-1.12 11.22 9.31
0.81 10.73 7.23
3.54 9.57 1.32
-1.53 10.18 -1.88
-0.94 8.83 -7.74
-3.60 11.47 5.36
0.50 7.64 -10.78
4.73 11.13 5.57
4.48 10.57 5.34
3.83 9.33 1.52
2.91 10.47 1.37
-2.90 8.73 -6.40
-5.11 10.84 4.43
0.42 8.43 -7.38
-2.31 12.36 12.70
0.94 9.99 2.84
2.71 9.82 2.10
0.23 9.84 0.32
-4.72 8.75 -6.44
0.38 9.28 -7.65
-0.68 7.91 -9.79
0.83 11.45 7.19
2.28 10.54 5.14
6.29 9.23 2.33
-0.88 10.33 3.79
-2.42 9.63 -2.06
-6.38 9.01 -8.66
-6.08 8.53 -11.18
-0.94 12.42 12.33
-0.44 9.77 1.48
3.68 9.65 2.32
2.84 9.10 -0.14
-1.07 9.17 -3.41
3.30 8.48 -13.23
-3.93 8.46 -11.84
-0.38 12.09 9.93
3.25 9.66 2.05
6.27 9.13 2.74
2.22 10.34 4.11
2.09 9.91 0.16
-1.17 8.43 -13.14
-4.82 9.26 -10.65
-1.07 13.16 16.05
0.55 8.73 -1.67
1.67 9.72 2.29
7.44 8.85 0.28
0.61 9.13 -3.43
-0.70 8.65 -15.18
-0.20 8.50 -11.36
0.10 12.73 12.70
0.08 9.14 -2.68
4.85 9.19 2.92
-1.30 10.18 3.89
0.74 9.88 -0.34
-6.11 8.43 -13.82
-2.80 9.27 -9.95
-3.05 12.46 9.54
3.76 7.88 -6.44
2.30 9.78 3.16
5.98 9.17 2.58
2.63 9.06 -2.04
0.06 8.50 -15.58
-3.41 8.71 -11.76
-1.68 12.70 12.39
-1.32 8.88 -5.14
2.99 9.81 4.60
-1.36 10.33 5.71
1.15 9.85 0.22
-0.45 8.93 -11.14
-2.60 9.26 -9.61
-2.70 12.77 13.70
1.75 7.51 -8.08
3.05 9.98 3.19
3.86 10.24 5.03
1.33 8.97 -1.87
0.85 9.44 -8.44
-3.45 8.65 -9.04
-3.88 12.31 12.49
-2.07 8.71 -5.32
5.40 9.36 3.72
2.49 10.81 6.73
3.07 9.91 1.80
-2.77 10.24 -1.56
-2.17 8.89 -7.63
-1.41 11.29 4.51
3.88 7.62 -8.07
3.49 10.27 3.88
5.48 10.45 6.30
5.30 9.21 1.83
0.57 10.74 3.72
-2.27 9.22 -4.26
-3.92 10.22 0.30
1.24 8.47 -8.22
-1.90 11.89 10.97
-0.75 10.49 4.81
4.33 9.54 0.19
2.98 9.73 1.08
-5.72 9.15 -4.48
-0.87 8.96 -9.79
-0.11 7.90 -11.06
3.23 11.50 6.82
2.63 10.56 4.55
3.25 9.33 2.08
3.76 10.57 3.59
-0.76 9.07 -4.09
-5.57 8.53 -10.71
-4.28 8.79 -10.71
-2.75 12.68 13.93
3.34 9.39 1.62
4.83 9.83 3.01
4.04 9.66 1.29
-2.55 9.26 -3.55
2.03 8.29 -16.14
0.84 8.35 -11.83
-0.46 12.98 13.01
2.00 9.37 0.32
2.69 9.34 3.98
2.06 9.85 3.04
0.09 9.58 -1.49
-4.72 8.47 -12.15
-2.11 8.99 -10.61
-2.68 12.79 14.01
1.65 8.09 -4.92
2.39 9.69 2.38
3.65 9.22 1.29
3.45 8.98 -1.91
-4.17 8.79 -15.13
-2.51 8.64 -11.24
-4.37 12.09 11.44
0.22 8.66 -5.37
5.10 9.95 5.82
4.05 10.55 6.55
3.33 10.01 0.97
0.39 9.51 -7.40
-0.36 9.05 -9.35
-0.91 12.33 10.25
0.39 7.76 -8.75
3.74 10.64 5.56
4.67 10.55 6.04
4.25 9.19 0.68
1.00 10.47 -0.22
-4.18 8.78 -7.46
-4.30 11.18 6.64
1.88 8.47 -6.90
-1.54 10.94 7.65
3.93 10.05 3.64
2.45 9.76 2.17
0.91 10.04 1.26
-3.90 9.16 -4.88
-1.69 9.56 -6.74
0.44 7.63 -10.93
1.01 11.45 6.61
2.73 10.82 4.74
3.39 9.54 3.33
3.22 10.08 3.27
0.47 9.39 -2.63
-5.80 8.71 -9.94
-4.35 8.79 -11.16
-1.75 12.79 14.04
-1.82 9.92 2.45
3.26 9.90 2.91
5.97 8.93 0.19
2.67 8.93 -3.52
-2.16 8.51 -15.26
-2.35 8.56 -10.84
0.65 12.44 12.72
1.20 9.19 -0.74
4.77 8.83 2.02
1.48 9.86 2.98
3.13 10.02 0.36
-1.44 8.93 -11.58
-4.30 9.25 -10.10
-3.39 12.86 13.94
1.80 8.08 -5.01
2.79 9.74 3.43
5.95 9.13 2.34
0.02 9.10 -0.46
-2.72 9.89 -6.21
-3.02 8.37 -9.31
-3.03 11.96 11.20
-1.36 8.62 -5.74
5.04 9.98 6.36
2.26 10.67 7.49
1.86 9.66 0.23
-5.28 9.53 -7.84
-4.21 8.65 -7.14
-2.40 10.71 2.33
-1.82 7.71 -9.85
3.18 10.59 4.80
5.22 10.57 6.01
3.58 9.20 0.50
1.36 10.37 -0.98
-2.77 8.59 -7.09
-1.19 11.04 5.81
-1.93 8.60 -9.71
-0.15 12.00 10.36
0.22 10.18 2.97
3.81 9.89 1.82
1.87 10.11 1.37
-5.64 8.88 -6.79
-0.64 9.17 -7.86
-0.03 7.99 -9.32
0.35 12.39 12.08
2.48 9.58 1.30
6.22 9.27 3.61
-0.76 10.21 2.95
-0.68 9.67 -1.35
-3.31 8.41 -11.86
-4.76 9.09 -10.91
-2.60 12.79 13.13
-0.73 8.17 -5.38
3.50 9.52 2.63
4.07 9.02 1.09
0.46 8.77 -4.18
-2.65 8.57 -15.75
-2.57 8.48 -11.83
1.14 12.70 13.53
-1.02 8.79 -5.24
5.81 9.62 3.78
2.42 10.32 5.89
1.73 10.07 0.93
-4.57 9.17 -10.47
-2.94 9.54 -8.89
-3.79 12.41 9.36
2.35 8.59 -2.62
3.77 9.58 2.21
8.53 9.54 4.15
2.86 8.71 -1.05
1.41 10.17 0.50
-0.20 9.56 -2.64
-2.53 9.77 -2.02
0.13 9.79 -0.81
1.12 9.34 -2.12
0.83 9.98 -0.10
0.59 9.66 -0.55
0.69 9.56 -1.45
1.01 9.74 -0.22
0.66 9.82 -0.90
0.56 9.60 -0.77
0.24 9.76 -0.30
0.47 9.60 -0.89
0.34 9.65 -0.51
-0.14 9.89 -0.39
0.23 9.65 -0.60
0.60 9.84 -0.54
0.83 9.66 -0.33
0.12 9.77 -0.92
-0.07 9.71 -0.46
0.21 9.78 -0.60
0.41 9.74 -0.75
0.09 9.70 -0.57
0.66 9.77 -0.79
0.30 9.68 -0.67
0.85 9.66 -0.71
0.36 9.70 -0.90
0.19 9.75 -0.70
0.31 9.72 -0.60
0.30 9.80 -0.29
0.16 9.86 -0.35
0.26 9.81 -0.29
0.92 9.78 -0.42
0.57 9.77 -0.53
0.69 9.76 -0.66
0.72 9.65 -0.75
0.67 9.71 -0.56
0.83 9.73 -0.61
0.14 9.70 -0.37
0.36 9.81 -0.50
0.30 9.71 -0.46
0.29 9.75 -0.69
0.66 9.76 -0.61
0.21 9.77 -0.78
1.13 9.66 -0.71
0.50 9.70 -0.64
0.07 9.74 -0.73
0.38 9.73 -0.73
0.27 9.71 -0.71
0.10 9.77 -0.61
-0.11 9.74 -0.68
0.78 9.71 -0.55
0.09 9.75 -0.50
0.24 9.72 -0.53
0.34 9.69 -0.76
0.13 9.73 -0.55
0.16 9.68 -0.70
0.81 9.71 -0.60
0.74 9.70 -0.85
0.51 9.77 -0.73
