3.39 6.93 -14.67
0.37 11.89 10.31
0.05 10.19 4.45
5.16 9.42 3.48
2.94 10.70 4.74
-0.54 8.24 -6.47
-2.53 10.95 5.57
1.07 7.89 -10.45
-0.20 10.38 5.18
2.48 10.48 5.40
4.53 9.70 1.74
-1.74 9.50 -6.65
-2.35 8.56 -8.22
-2.38 10.78 2.97
1.85 7.82 -8.10
2.04 10.42 3.83
2.86 10.38 5.57
1.06 9.10 -0.37
-3.79 10.12 -4.25
-2.67 8.83 -8.22
-3.77 10.33 1.38
-0.92 8.50 -8.19
0.15 11.25 8.04
1.75 10.62 6.40
3.49 9.80 1.26
-2.30 10.37 0.61
-1.77 8.82 -6.47
-3.49 10.37 -0.36
-0.79 7.91 -11.04
1.90 11.63 7.59
2.67 9.98 3.68
3.13 9.20 1.45
4.61 10.22 3.24
-1.55 9.34 -3.32
-6.67 9.52 -4.80
-2.59 8.65 -8.74
-1.37 11.92 11.11
-0.50 8.97 -0.53
4.98 9.51 2.74
6.25 8.97 0.05
-1.83 9.17 -4.33
-0.45 8.37 -15.23
-3.09 8.83 -10.18
0.63 12.44 11.48
-0.41 8.99 -2.78
4.11 9.29 3.82
0.95 9.95 3.34
1.05 9.85 0.32
-4.17 8.94 -11.67
-2.84 9.17 -10.15
-3.89 13.03 14.57
0.06 8.46 -4.30
2.10 9.75 3.36
3.98 10.04 4.61
2.90 9.12 -0.32
-2.12 9.99 -6.85
-0.02 8.84 -7.55
-1.10 11.88 11.11
1.90 8.46 -6.29
3.55 9.95 4.86
2.43 10.35 5.97
4.27 9.53 0.67
-0.39 10.31 1.37
-3.07 8.79 -6.07
-1.83 10.33 -0.06
-1.57 8.04 -8.00
3.45 10.81 5.82
6.00 10.43 6.23
2.87 9.51 1.81
2.32 10.31 3.10
-0.93 9.48 -2.53
-5.11 8.75 -8.76
-5.29 8.74 -10.18
0.21 12.40 13.29
0.45 9.60 1.16
4.62 9.60 1.82
4.45 9.44 -0.21
-3.22 9.44 -3.53
-2.49 8.62 -15.62
0.49 8.72 -9.62
-0.55 12.68 12.83
2.91 9.14 -1.05
5.34 9.31 4.01
1.69 9.89 3.18
1.52 9.79 -0.18
-4.82 8.75 -13.12
-0.20 8.92 -9.03
-3.88 12.13 10.52
1.53 8.04 -5.55
2.22 9.91 3.62
3.25 9.85 3.48
0.90 9.13 -0.48
-1.18 9.77 -8.15
-0.70 8.89 -8.65
-1.44 12.18 11.74
2.37 8.24 -8.45
0.83 10.86 6.58
4.58 10.63 6.20
3.43 9.77 1.62
1.30 10.30 0.32
-2.14 8.93 -6.43
-1.11 10.41 0.48
-0.98 8.22 -9.88
3.03 11.85 9.13
1.40 10.13 3.24
2.76 9.21 3.02
-0.23 10.23 2.79
-2.30 9.51 -2.92
-6.22 8.90 -8.65
-4.20 8.75 -9.82
-0.18 12.59 14.15
2.92 8.37 -3.40
3.67 9.51 2.40
4.12 9.08 0.93
3.22 9.11 -2.39
-0.46 8.53 -15.16
0.30 8.78 -9.50
-0.81 12.98 13.97
3.56 9.04 -1.86
4.62 9.55 4.28
-0.11 10.46 5.42
3.04 9.83 1.34
-3.68 9.78 -5.83
-1.25 8.93 -9.10
-4.03 11.84 8.10
1.07 7.89 -7.60
2.36 10.07 3.93
0.44 10.83 5.13
2.69 9.35 1.33
-0.79 10.72 1.76
-3.08 8.90 -5.53
-5.40 10.40 2.04
1.33 8.54 -7.60
-4.41 11.57 9.45
-0.58 10.66 5.10
1.29 9.76 1.68
6.51 9.25 0.09
-0.22 9.11 -3.86
0.96 8.82 -10.33
-1.21 8.22 -10.13
2.31 12.00 9.43
3.51 9.98 3.32
5.42 9.26 3.11
4.19 10.30 2.80
0.82 9.81 -0.46
-2.83 8.54 -12.97
-5.23 9.38 -10.53
-2.37 13.06 15.47
3.73 8.38 -2.27
4.17 9.39 1.96
3.07 8.94 0.29
2.28 9.10 -2.96
-4.85 9.43 -11.20
-2.92 8.74 -9.17
-1.90 12.59 13.12
-0.51 8.63 -5.22
5.54 9.55 4.35
0.06 10.35 5.35
3.25 9.76 1.24
-4.47 9.53 -8.55
-1.42 9.07 -9.01
0.61 10.88 2.55
3.77 7.77 -8.60
3.92 10.50 5.44
4.80 10.59 6.37
2.62 9.10 0.38
-0.76 10.32 -2.15
-2.40 8.63 -7.56
-2.42 11.24 7.67
0.32 8.45 -9.09
-1.75 11.65 8.80
3.72 10.41 4.68
3.82 9.81 1.64
4.24 10.07 1.34
-2.51 9.04 -5.22
-0.73 9.43 -6.03
-0.69 7.80 -9.74
0.01 12.38 10.78
1.14 9.53 0.78
0.92 9.24 3.71
2.24 9.91 2.56
-0.83 9.82 -1.48
-2.25 8.49 -12.17
-6.50 9.16 -10.78
-2.74 12.97 15.55
1.83 8.10 -5.29
4.46 9.60 2.60
3.93 9.37 2.12
3.13 8.96 -2.57
-5.19 8.96 -13.73
-3.47 8.82 -9.79
-0.70 12.74 14.06
-0.93 8.85 -3.64
2.14 10.18 5.34
1.53 10.83 6.36
2.59 9.94 1.87
-3.96 10.18 -3.29
-2.38 8.89 -8.12
-3.50 11.41 5.14
2.20 7.84 -8.50
3.74 10.34 3.83
4.58 10.60 4.65
1.96 9.36 1.25
3.78 10.41 2.41
-3.45 9.02 -4.91
-4.18 9.97 -0.31
-0.34 8.43 -9.04
0.43 11.34 8.46
4.79 10.55 5.68
3.92 9.70 2.09
3.28 9.41 0.02
-0.30 9.41 -2.91
-0.54 8.56 -12.66
-2.13 8.36 -10.77
1.27 12.11 10.35
2.68 9.73 1.83
2.10 9.31 3.57
-0.49 10.02 3.27
2.28 9.91 0.56
-2.56 8.84 -11.87
-3.75 9.45 -9.07
-1.98 12.65 12.21
2.79 8.00 -5.46
3.96 9.63 2.87
2.74 9.23 1.19
-0.30 8.96 -1.47
-6.08 9.81 -6.95
-3.55 8.71 -7.63
-1.58 11.90 12.67
-0.10 8.42 -6.24
3.98 9.90 4.74
0.96 10.45 5.81
3.49 10.00 1.67
-3.27 10.36 -0.66
-1.95 8.75 -7.26
-3.07 10.44 -0.44
2.80 7.62 -9.90
1.49 10.84 5.44
1.14 10.73 5.54
0.67 9.27 0.58
0.46 10.39 -0.51
-1.40 9.21 -3.83
-5.63 9.27 -6.20
-0.53 8.49 -10.07
-3.16 12.26 11.39
2.00 10.12 3.57
2.64 9.88 1.87
2.28 9.73 0.36
-2.50 9.12 -4.66
-0.86 8.50 -14.37
-3.30 8.73 -10.41
-1.04 12.61 12.80
1.78 9.43 0.61
3.50 9.23 3.63
0.20 9.81 2.21
-0.13 9.92 -1.07
-2.89 8.43 -13.12
-1.56 9.16 -8.78
-2.80 12.34 11.76
2.81 7.82 -6.45
2.81 9.72 2.53
2.95 9.75 3.71
5.57 8.86 -1.23
-1.82 9.43 -10.56
-3.45 8.66 -9.36
-4.44 10.82 5.83
1.58 8.14 -7.87
1.13 10.54 6.17
3.12 10.75 5.82
2.68 9.83 1.16
-4.02 10.34 -1.11
-3.63 8.90 -6.82
-1.12 10.35 0.45
-3.96 8.08 -10.54
1.96 11.63 8.47
5.18 10.07 3.00
3.58 9.55 2.52
0.41 10.25 2.57
-2.86 9.43 -3.20
-6.45 9.21 -7.43
-3.90 8.56 -9.87
-1.62 11.82 10.37
0.50 8.83 -1.06
2.51 9.49 1.68
3.71 10.01 2.13
2.60 8.62 -4.63
0.15 10.16 -0.23
0.53 9.40 -1.77
-0.30 9.44 -1.21
0.30 9.68 0.57
-0.27 9.35 -2.56
1.40 9.89 -0.46
0.50 9.76 -0.08
0.80 9.82 -1.25
0.77 9.71 -0.32
0.76 9.79 -0.31
1.08 9.62 -0.73
0.49 9.71 -0.50
0.68 9.71 -0.63
0.19 9.66 -0.65
0.54 9.90 -0.32
0.48 9.65 -0.79
0.56 9.78 -0.82
0.17 9.79 -0.50
0.92 9.66 -0.76
-0.18 9.70 -0.56
0.69 9.85 0.06
0.35 9.85 -0.58
-0.13 9.73 -0.63
0.81 9.66 -0.97
0.93 9.70 -0.64
0.39 9.75 -0.43
0.44 9.68 -0.50
-0.02 9.83 -0.35
0.54 9.71 -0.57
0.06 9.67 -0.67
