-1.00 9.91 1.14
-4.38 9.49 -8.30
0.85 6.94 -15.91
-5.19 12.77 14.97
2.11 8.78 0.42
-1.73 10.24 3.38
2.38 9.95 -0.53
-4.75 8.51 -8.21
-3.29 11.40 5.96
0.04 7.09 -10.77
3.15 10.01 2.73
3.39 10.75 6.56
3.01 9.24 0.78
-1.59 10.37 -3.33
-0.47 8.47 -8.13
-2.20 12.17 12.51
-0.73 8.86 -5.17
2.85 9.78 3.99
3.68 10.27 6.65
2.00 9.77 0.59
-0.50 10.22 -0.48
-1.60 9.04 -7.13
-3.19 11.14 5.22
3.34 7.83 -7.05
4.23 10.17 3.46
6.19 10.03 5.61
0.17 9.16 -1.33
3.60 10.42 2.65
-3.61 9.17 -4.31
-6.01 10.12 -0.54
-2.08 8.68 -6.92
1.07 11.29 8.71
4.47 10.24 4.57
3.53 10.01 1.81
-0.48 10.32 0.83
-1.11 9.25 -3.87
0.37 8.67 -11.49
-2.38 8.09 -10.72
0.43 11.75 8.58
5.05 9.64 2.02
4.72 9.25 0.80
4.07 10.06 2.92
-1.73 9.67 -1.60
-3.25 8.63 -12.67
-4.30 9.24 -10.67
-1.68 12.77 14.10
-1.30 8.93 -1.86
3.06 9.57 2.30
3.41 9.11 0.22
-1.92 9.54 -1.36
0.31 8.66 -13.33
1.74 8.87 -8.03
-1.78 12.20 11.83
-0.12 8.88 -3.90
3.19 9.46 4.28
3.39 10.09 5.96
2.00 9.76 1.00
-0.48 9.66 -5.65
-2.51 9.05 -8.88
-1.21 11.92 9.32
1.16 7.93 -8.02
3.71 10.77 5.13
4.16 10.39 6.05
4.15 9.07 0.31
1.95 10.47 1.42
-2.16 8.85 -5.36
-5.83 9.98 -0.39
-0.96 8.48 -7.53
1.08 10.83 7.02
1.96 9.31 0.63
1.84 9.83 2.43
1.85 9.28 -0.38
-1.99 9.58 -2.81
-1.26 8.65 -13.41
-1.11 8.53 -10.30
0.64 12.10 9.95
3.63 9.37 0.36
6.11 9.05 2.97
3.19 10.10 4.48
0.83 9.81 0.25
-4.39 9.10 -10.83
-1.31 9.26 -9.87
-2.63 12.63 13.30
0.60 8.31 -3.96
2.40 9.55 2.68
5.30 9.36 3.14
2.45 9.16 -0.09
-2.31 10.54 -1.46
-4.49 8.90 -6.92
-1.95 10.87 5.55
1.44 8.53 -6.03
0.91 10.84 8.24
1.22 10.79 6.65
2.89 9.84 1.77
0.03 10.18 -0.59
-5.80 9.31 -4.69
0.03 8.74 -10.92
0.04 7.78 -11.89
1.62 11.49 7.64
4.95 9.95 3.57
2.78 9.37 2.18
5.64 9.98 2.24
-3.88 9.54 -3.38
-3.58 8.53 -12.98
-2.76 9.29 -10.46
-1.15 13.05 15.04
-2.57 9.02 -1.39
3.40 9.54 2.51
6.08 8.90 0.14
-2.12 9.30 -3.22
1.02 8.37 -15.60
-2.12 8.64 -9.28
-1.00 12.22 12.08
-0.58 8.75 -4.47
5.41 9.38 4.26
2.62 10.18 5.44
3.17 9.85 1.45
-3.41 9.60 -7.22
-2.67 9.09 -10.17
-2.01 12.44 11.39
0.99 8.03 -6.81
2.98 10.57 5.49
4.05 10.63 6.29
3.55 9.28 0.70
4.77 10.68 1.88
-2.94 8.96 -6.13
-2.68 10.53 3.03
-0.61 8.70 -9.27
-0.69 12.34 12.84
3.81 9.44 1.67
3.70 9.65 1.44
3.87 9.46 -0.19
-2.85 9.43 -3.12
-3.23 8.65 -13.15
-0.85 8.11 -10.97
0.80 11.92 8.82
0.15 9.21 -1.27
5.83 9.03 3.08
0.04 9.93 3.37
0.88 9.89 -0.12
-1.32 8.71 -11.61
-4.39 9.46 -10.38
-0.91 12.80 14.30
-0.86 8.57 -3.40
4.64 9.93 3.65
5.98 10.10 5.87
2.87 8.91 -1.49
-5.08 10.37 -5.41
-2.74 8.68 -8.00
-4.69 11.41 8.33
-1.75 8.64 -6.16
1.27 9.92 3.99
3.87 10.40 3.88
2.82 9.95 2.13
2.23 9.98 0.15
-0.34 9.21 -4.49
-0.31 9.34 -6.21
-2.74 8.09 -8.87
3.78 11.24 7.10
4.40 10.28 4.20
4.13 9.53 2.54
3.39 10.00 3.48
-1.75 9.91 -1.02
-4.51 8.46 -12.84
-5.72 9.03 -11.35
-3.05 12.78 13.90
2.05 8.69 -2.01
4.14 9.43 2.10
3.59 8.94 0.43
2.69 8.86 -1.59
-0.99 9.39 -9.53
-3.15 8.77 -9.59
-0.90 12.16 11.27
1.11 8.73 -5.07
3.38 9.83 4.88
0.43 10.60 6.88
1.81 9.77 0.91
-0.75 9.83 -5.10
-2.75 9.03 -6.25
0.55 10.15 -2.57
-0.81 8.14 -8.19
3.63 10.91 6.33
7.18 10.48 5.86
6.15 9.13 1.78
3.97 10.63 3.46
-1.18 8.89 -4.21
-4.41 8.57 -9.77
-3.38 9.07 -9.37
-1.30 12.66 14.17
-1.80 9.54 0.98
4.82 9.71 2.72
4.98 8.97 -0.95
-0.87 9.41 -2.87
1.00 8.34 -12.89
-3.49 8.17 -11.91
-0.96 12.53 12.50
1.62 8.89 -3.04
2.35 9.07 2.58
2.77 10.00 4.91
-0.04 9.93 0.28
-4.37 9.01 -10.86
-4.36 9.14 -10.39
-2.33 11.28 4.77
2.84 7.85 -6.93
3.86 10.27 4.45
3.93 10.41 5.85
2.48 9.03 -0.60
-0.47 10.44 -1.01
-4.51 8.74 -7.08
-3.77 10.72 3.91
-4.24 8.84 -9.12
-0.58 12.10 12.11
1.81 9.85 2.97
2.24 9.79 1.79
1.13 9.55 -0.08
-2.37 9.37 -3.48
-0.10 8.66 -11.24
-2.22 8.25 -10.30
0.39 12.05 9.99
2.17 9.02 -2.18
9.87 8.94 3.86
1.46 9.84 3.38
1.93 9.87 0.94
-1.61 8.87 -11.37
-4.33 9.29 -10.72
-1.37 12.63 13.43
2.80 7.85 -6.71
4.05 10.01 3.90
5.30 10.48 6.56
1.11 9.13 -0.42
0.92 10.46 -1.62
-2.75 8.65 -7.36
-3.82 10.98 5.74
0.84 8.61 -5.83
1.84 10.59 7.02
1.40 9.94 2.85
3.14 9.75 1.58
3.47 9.43 -0.66
-2.58 9.28 -3.26
-0.97 8.76 -10.82
-3.18 8.28 -10.59
0.39 11.78 8.89
4.75 9.88 2.25
4.93 9.18 3.65
4.26 9.89 3.66
2.35 9.90 0.16
-5.13 9.06 -12.31
-3.78 9.14 -11.60
-0.78 12.65 13.58
1.74 8.36 -3.95
3.78 9.54 2.62
3.37 10.44 6.21
2.65 9.02 -0.80
-1.62 10.45 -3.00
-4.07 8.87 -7.42
-1.98 11.00 6.81
-0.12 8.61 -6.79
1.70 10.43 6.78
5.87 10.68 6.91
2.74 9.92 1.91
2.13 9.83 0.42
-1.22 9.31 -3.74
-0.75 8.85 -9.81
-0.95 8.06 -10.27
2.83 11.63 8.61
4.78 9.94 3.10
2.54 9.44 2.60
0.92 10.00 2.05
0.36 9.70 -0.71
-1.34 8.61 -11.88
-4.56 9.18 -10.48
-0.74 12.55 14.14
-2.52 8.42 -4.00
4.73 9.34 2.51
3.82 9.31 2.60
2.65 9.14 -1.51
2.69 10.17 -2.89
-3.69 8.84 -7.26
-3.39 11.23 7.45
-0.63 8.73 -5.83
1.21 10.26 5.93
4.86 10.69 6.47
2.02 9.91 1.77
-0.91 10.65 0.31
-1.67 9.39 -4.24
-1.14 9.26 -6.29
-0.41 8.30 -7.70
2.67 10.55 3.81
4.31 10.22 2.88
4.20 9.09 -0.07
2.30 10.20 1.79
1.60 9.26 -2.20
0.02 10.21 -0.64
-0.77 10.01 -0.77
-1.02 9.51 -1.97
0.35 9.96 0.05
-0.19 9.49 -0.78
0.46 9.78 -1.02
0.51 9.80 0.07
0.78 9.83 -0.47
0.42 9.72 -0.85
1.00 9.79 -0.59
0.59 9.59 -0.86
0.42 9.75 -0.66
0.53 9.79 -0.33
0.19 9.57 -0.75
0.29 9.93 -0.48
0.61 9.58 -0.60
0.72 9.72 -0.87
0.20 9.85 -0.56
0.65 9.88 -0.75
0.11 9.85 -1.00
0.58 9.83 -0.74
0.29 9.57 -1.28
0.72 9.64 -0.93
0.73 9.69 -0.74
0.47 9.56 -0.61
0.50 9.73 -0.45
0.14 9.72 -0.59
0.33 9.70 -0.59
0.23 9.80 -0.74
0.40 9.69 -0.60
0.10 9.75 -0.59
0.34 9.74 -0.66
0.33 9.85 -0.57
0.51 9.76 -0.51
0.87 9.76 -0.61
0.34 9.72 -0.85
0.20 9.70 -1.01
0.46 9.75 -0.53
0.67 9.72 -0.44
0.40 9.75 -0.68
0.50 9.67 -0.74
0.16 9.80 -0.69
0.12 9.70 -0.60
0.27 9.79 -0.77
0.63 9.71 -0.69
-0.19 9.81 -0.53
0.42 9.72 -0.72
0.45 9.72 -0.71
0.42 9.78 -0.61
0.41 9.72 -0.72
0.37 9.76 -0.70
0.35 9.77 -0.59
0.42 9.74 -0.62
0.61 9.77 -0.73
0.31 9.71 -0.65
0.36 9.74 -0.68
0.39 9.70 -0.75
0.38 9.73 -0.72
0.25 9.77 -0.60
0.21 9.77 -0.64
0.68 9.72 -0.64
0.64 9.70 -0.83
0.67 9.75 -0.53
0.58 9.74 -0.54
0.41 9.77 -0.58
-0.15 9.70 -0.68
0.63 9.70 -0.58
0.36 9.77 -0.53
0.24 9.72 -0.70
0.67 9.79 -0.58
0.25 9.77 -0.36
0.13 9.82 -0.47
0.51 9.74 -0.67
0.62 9.69 -0.53
0.50 9.80 -0.59
0.72 9.73 -0.70
0.22 9.71 -0.71
0.03 9.72 -0.75
0.17 9.77 -0.57
0.47 9.71 -0.67
0.83 9.71 -0.48
0.42 9.70 -0.47
0.67 9.70 -0.56
0.66 9.69 -0.57
0.66 9.67 -0.61
0.88 9.72 -0.54
0.51 9.76 -0.72
0.68 9.75 -0.74
0.40 9.70 -0.68
0.60 9.77 -0.55
0.45 9.74 -0.51
0.30 9.70 -0.68
0.22 9.79 -0.56
0.48 9.80 -0.48
0.21 9.84 -0.58
0.32 9.70 -0.53
0.34 9.70 -0.59
0.48 9.76 -0.52
0.36 9.81 -0.59
0.30 9.83 -0.69
0.65 9.78 -0.59
0.69 9.74 -0.61
0.61 9.75 -0.57
0.52 9.74 -0.71
0.46 9.70 -0.50
0.28 9.75 -0.57
0.22 9.76 -0.61
0.24 9.71 -0.74
0.67 9.70 -0.57
0.42 9.72 -0.65
0.37 9.67 -0.64
0.28 9.75 -0.74
0.62 9.77 -0.62
0.46 9.69 -0.60
0.21 9.72 -0.56
-0.01 9.77 -0.49
0.43 9.73 -0.74
0.10 9.76 -0.61
0.08 9.75 -0.55
0.31 9.72 -0.51
0.07 9.70 -0.64
0.22 9.78 -0.71
0.78 9.69 -0.50
0.10 9.75 -0.55
0.30 9.76 -0.69
0.56 9.73 -0.55
0.37 9.66 -0.55
0.56 9.73 -0.65
0.26 9.74 -0.56
0.54 9.74 -0.65
0.42 9.80 -0.61
0.48 9.78 -0.77
0.36 9.76 -0.60
0.50 9.72 -0.59
0.49 9.73 -0.78
0.57 9.74 -0.73
0.28 9.78 -0.45
-0.12 9.81 -0.66
0.45 9.76 -0.73
0.51 9.79 -0.67
0.35 9.66 -0.68
-0.01 9.72 -0.64
0.44 9.70 -0.63
0.45 9.72 -0.53
0.43 9.77 -0.61
-0.17 9.79 -0.65
0.45 9.70 -0.65
0.87 9.71 -0.75
0.19 9.75 -0.54
0.53 9.68 -0.46
0.45 9.73 -0.72
0.83 9.76 -0.53
0.83 9.81 -0.59
0.42 9.73 -0.77
0.35 9.73 -0.58
0.32 9.73 -0.63
0.43 9.76 -0.75
1.02 9.71 -0.67
0.42 9.81 -0.72
0.47 9.80 -0.49
0.29 9.74 -0.67
0.35 9.73 -0.52
0.11 9.75 -0.51
0.34 9.72 -0.58
0.28 9.79 -0.75
0.23 9.71 -0.66
-0.17 9.69 -0.67
0.08 9.78 -0.66
1.04 9.75 -0.31
0.37 9.71 -0.66
0.61 9.71 -0.65
0.28 9.70 -0.58
0.49 9.73 -0.57
0.35 9.68 -0.72
0.47 9.67 -0.62
0.32 9.66 -0.62
0.37 9.70 -0.59
0.33 9.72 -0.60
0.47 9.65 -0.75
0.30 9.77 -0.66
0.53 9.60 -0.64
0.99 9.66 -0.78
0.08 9.48 -0.82
0.95 10.12 -0.75
0.48 9.34 -0.20
0.44 10.16 -0.68
0.31 9.65 -0.70
0.26 9.55 -0.37
0.41 9.96 -0.92
0.30 9.37 -0.65
0.57 10.00 -0.79
0.45 9.62 -0.65
0.36 9.76 -0.54
0.51 10.05 -0.71
0.29 9.45 -0.62
0.52 10.05 -0.43
0.29 9.63 -0.59
0.43 9.62 -0.78
0.49 9.93 -0.77
0.40 9.47 -0.51
0.42 9.97 -0.69
0.36 9.62 -0.61
0.34 9.74 -0.78
0.36 9.84 -0.56
0.33 9.60 -0.50
0.48 9.94 -0.81
0.30 9.59 -0.51
0.45 9.77 -0.57
0.36 9.77 -0.74
0.36 9.62 -0.56
0.43 9.89 -0.73
