-1.57 12.41 10.50
-1.16 7.67 -6.59
3.83 10.16 3.78
1.22 10.10 4.43
3.76 9.47 -0.68
1.42 9.04 -13.89
0.53 8.25 -13.70
0.00 12.83 10.71
4.86 9.78 2.94
2.82 9.49 3.53
1.73 10.42 3.88
-3.70 9.21 -3.85
-4.52 8.67 -12.34
-4.43 9.18 -10.97
1.10 12.46 13.11
1.37 9.24 -0.06
3.48 9.64 2.12
1.07 9.21 -0.59
-1.66 9.57 -3.26
-2.21 8.63 -12.56
-1.69 9.10 -9.59
-0.34 12.23 9.87
0.50 9.03 -2.20
4.77 9.05 2.58
3.93 9.67 3.61
0.09 9.84 -0.68
-0.60 9.11 -9.78
-3.09 9.53 -8.68
-2.28 12.33 11.38
3.64 8.34 -4.22
2.47 10.21 3.65
5.11 10.22 6.12
1.16 9.08 -1.88
-1.72 10.36 -1.99
-4.44 8.61 -7.15
-4.07 10.79 4.02
1.01 8.77 -5.04
-2.31 11.51 9.86
3.90 9.77 2.55
3.07 9.82 1.95
2.68 9.71 -0.27
-4.32 9.67 -3.56
-3.50 8.85 -11.13
-2.09 8.50 -8.68
2.78 11.28 7.36
3.60 9.63 2.00
4.66 9.56 2.50
-2.40 9.67 1.82
-0.16 9.55 -1.50
-5.00 8.80 -11.90
-2.81 9.45 -9.13
-1.98 12.25 11.61
2.72 8.67 -2.64
3.62 9.64 2.96
3.17 9.47 2.44
2.31 9.09 -1.14
-2.58 10.49 -1.96
-4.70 9.00 -6.57
-4.07 10.87 4.77
-0.08 8.88 -5.00
5.93 10.58 7.04
7.40 10.64 7.09
3.91 9.93 1.58
-0.76 10.39 0.30
-1.61 9.59 -4.26
-0.86 8.74 -10.92
-3.98 8.60 -8.72
3.80 11.29 7.97
2.52 9.52 1.48
4.44 9.35 2.26
1.85 9.89 1.48
-1.21 9.73 -3.00
-4.63 8.62 -11.44
-4.83 9.45 -9.00
-1.55 12.20 11.16
2.27 8.51 -3.27
3.60 9.69 2.61
5.81 9.59 4.14
2.04 9.12 -1.65
-2.08 9.68 -8.67
-0.02 8.87 -8.51
-3.66 12.05 9.80
-0.15 8.72 -5.04
4.80 10.37 5.64
3.92 10.43 4.38
1.49 9.99 1.34
-2.68 10.34 -0.05
-4.10 9.38 -5.48
-0.80 9.27 -4.62
-1.77 8.48 -6.54
1.57 11.65 9.14
4.54 9.25 0.23
3.59 9.44 3.28
3.05 9.60 2.43
-1.12 9.67 -2.46
-7.30 8.84 -13.32
-2.95 9.57 -8.34
-0.80 12.36 12.87
-0.44 8.90 -1.83
3.41 9.97 4.32
4.78 10.10 5.66
1.31 9.14 -1.32
-2.31 10.29 -3.04
-0.86 8.85 -6.78
-2.50 10.86 5.99
1.48 8.91 -4.59
4.73 10.10 5.36
4.70 9.91 3.12
4.30 9.81 1.91
2.10 9.62 -0.74
-3.18 9.63 -4.12
-1.32 8.70 -11.10
-3.63 8.69 -7.98
2.46 11.54 8.92
2.96 9.43 1.45
2.85 9.15 2.42
-2.21 9.76 0.53
-0.24 9.73 -1.23
-0.73 8.95 -10.01
-4.63 9.53 -9.11
-2.13 12.34 11.42
4.00 8.45 -2.96
2.97 9.72 3.12
4.74 9.80 4.84
0.09 9.22 -2.09
-2.86 10.54 -0.88
-6.11 8.84 -6.76
-4.25 10.16 1.02
0.54 8.81 -5.44
-0.03 10.84 7.62
5.18 10.46 5.73
3.29 10.03 1.55
3.02 10.24 0.53
-2.01 9.67 -3.31
-0.58 8.50 -13.53
-1.31 8.93 -8.55
2.37 11.77 9.09
3.59 9.29 0.20
4.43 9.09 2.35
1.56 9.81 2.28
-1.12 9.76 -2.13
-6.32 8.68 -12.59
-3.13 9.43 -8.17
-3.17 11.98 9.56
2.68 8.36 -4.78
4.49 9.91 3.75
4.39 10.12 5.66
3.07 8.84 -2.18
-1.48 10.09 -4.42
-3.71 8.80 -8.35
-3.83 11.23 6.34
0.60 8.88 -5.92
2.76 10.93 7.04
0.88 10.14 3.45
3.59 9.86 1.81
-1.45 9.94 -0.69
-2.94 9.60 -3.67
-3.19 8.84 -9.63
-1.95 8.66 -7.17
1.56 12.05 10.74
1.62 9.13 -0.97
3.29 8.99 2.70
0.91 9.80 3.00
-0.08 9.73 -1.13
-0.06 8.82 -10.31
-4.98 9.65 -8.93
-2.05 12.35 11.56
0.28 8.34 -5.19
4.13 10.03 3.85
5.80 10.41 6.63
1.53 9.17 -0.47
-0.11 10.49 -0.31
-4.79 8.85 -6.61
-4.85 10.22 2.16
-0.23 8.77 -5.10
0.78 11.50 10.01
2.06 9.43 1.69
4.23 9.78 2.07
2.11 9.24 -1.31
-4.70 9.76 -3.30
-1.03 8.57 -13.34
-0.43 8.88 -8.04
2.11 11.86 9.64
6.39 9.32 0.77
4.98 9.19 3.84
0.17 10.02 4.22
1.24 9.80 -0.30
-3.67 9.72 -6.15
-1.90 9.12 -8.79
-1.84 11.72 8.27
4.75 8.40 -4.13
2.67 10.05 4.72
4.50 10.33 4.85
3.42 9.46 0.67
2.60 10.39 0.86
-6.05 9.28 -5.33
-6.25 9.32 -5.87
-0.01 8.84 -6.92
0.20 11.37 8.90
-0.37 9.85 2.32
5.62 9.58 2.24
4.17 9.03 0.24
-2.13 9.57 -2.25
-1.29 8.92 -12.50
-0.98 9.01 -9.59
1.23 12.21 11.21
3.16 9.12 -1.56
3.10 9.38 4.08
0.11 10.17 4.64
2.22 9.68 -0.24
-1.40 10.12 -1.00
-3.47 9.06 -7.27
-1.43 10.35 0.24
-0.07 8.14 -6.70
4.38 10.39 4.51
3.35 10.51 5.27
3.66 9.29 0.62
-0.05 10.46 1.39
-2.46 9.73 -2.74
-5.15 8.58 -11.29
-1.65 9.19 -8.60
-2.05 12.25 12.74
1.29 9.04 -0.28
3.30 9.53 2.63
3.06 8.98 -0.39
-0.58 9.50 -2.81
-1.06 9.96 -7.44
-2.80 8.81 -8.87
-1.96 11.74 9.40
0.40 8.86 -4.23
5.64 9.64 4.74
4.58 10.60 6.30
1.25 9.88 0.47
-2.42 10.19 -1.70
-1.07 9.17 -6.43
-1.42 8.94 -9.29
-2.71 8.65 -7.94
2.63 11.16 6.50
3.02 10.05 2.91
3.68 9.47 2.01
1.13 10.07 1.84
-2.21 9.59 -3.68
-6.70 8.72 -10.65
-4.35 9.59 -8.84
-2.81 12.50 12.67
3.47 8.54 -2.49
3.15 9.60 3.01
2.93 9.63 4.24
3.85 8.73 -3.29
-5.44 9.23 -10.73
-3.42 8.89 -8.70
-1.24 11.94 10.26
2.29 8.92 -5.11
1.57 11.03 8.94
5.18 10.49 5.93
2.54 10.12 1.04
-1.66 10.43 -0.19
-1.91 8.94 -6.87
-2.62 10.06 -2.04
-2.27 8.64 -8.30
5.64 11.48 8.98
5.73 9.68 2.79
4.17 9.28 2.65
1.22 9.90 1.70
-2.72 9.69 -3.20
-5.71 8.64 -11.06
-1.34 9.15 -8.66
-0.25 12.08 11.95
0.52 8.63 -2.42
3.99 9.51 3.14
3.95 9.30 2.90
0.54 9.14 -1.57
-4.52 9.46 -11.63
-2.74 8.79 -10.08
-1.32 12.33 11.15
0.19 8.74 -4.74
3.17 10.10 5.61
5.04 10.66 5.81
1.68 10.06 1.73
-1.47 10.39 0.40
-2.55 8.98 -6.70
-0.18 10.03 -1.31
-0.45 8.56 -5.31
2.36 10.85 4.82
2.59 9.83 1.56
7.61 9.02 1.14
2.67 10.23 1.85
1.11 9.44 -3.28
-1.24 10.02 -1.51
-1.41 9.78 -1.50
-0.10 9.50 -1.36
0.09 9.95 0.67
0.32 9.35 -0.93
0.59 9.82 -0.60
0.17 9.72 -0.40
0.62 9.60 -1.60
1.54 9.75 -0.84
0.45 9.79 -0.44
-0.06 9.64 -0.80
-0.03 9.62 -0.80
0.32 9.78 -0.62
0.52 9.64 -0.66
0.10 9.93 -0.54
0.54 9.61 -0.76
-0.06 9.78 -0.87
0.59 9.75 -0.32
-0.02 9.66 -0.79
0.78 9.66 -0.61
0.36 9.71 -0.55
0.73 9.66 -0.68
0.29 9.84 -0.21
0.28 9.88 -0.47
0.66 9.72 -0.44
0.51 9.76 -0.48
1.07 9.69 -0.54
0.61 9.71 -0.45
0.54 9.66 -0.51
0.65 9.67 -0.67
0.80 9.79 -0.45
0.22 9.74 -0.85
0.61 9.80 -0.84
0.56 9.67 -0.67
-0.02 9.78 -0.70
0.05 9.78 -0.62
0.54 9.67 -0.77
0.33 9.71 -0.62
0.40 9.74 -0.60
0.74 9.76 -0.63
0.38 9.75 -0.72
0.40 9.74 -0.62
0.38 9.78 -0.47
0.85 9.74 -0.71
0.35 9.78 -0.56
0.44 9.76 -0.77
0.50 9.72 -0.81
0.77 9.73 -0.58
0.42 9.76 -0.65
0.83 9.65 -0.78
0.09 9.73 -0.77
0.22 9.75 -0.67
0.45 9.73 -0.60
0.27 9.72 -0.69
0.38 9.76 -0.52
1.15 9.68 -0.51
0.26 9.73 -0.71
0.12 9.71 -0.79
0.79 9.74 -0.73
0.21 9.74 -0.64
-0.13 9.74 -0.61
0.41 9.78 -0.56
0.26 9.77 -0.54
0.38 9.75 -0.54
0.99 9.76 -0.54
0.28 9.69 -0.59
0.68 9.69 -0.58
0.30 9.71 -0.63
0.38 9.72 -0.69
0.38 9.70 -0.66
0.83 9.69 -0.57
0.36 9.73 -0.48
0.19 9.72 -0.42
0.66 9.72 -0.53
0.79 9.70 -0.59
0.64 9.77 -0.69
0.56 9.77 -0.79
0.27 9.72 -0.68
0.77 9.72 -0.68
0.47 9.77 -0.67
0.62 9.76 -0.66
0.55 9.75 -0.61
0.15 9.77 -0.65
0.72 9.73 -0.49
0.25 9.74 -0.68
0.71 9.74 -0.56
0.50 9.77 -0.50
0.32 9.66 -0.57
-0.24 9.78 -0.82
0.16 9.78 -0.61
0.34 9.78 -0.62
0.01 9.77 -0.68
0.11 9.76 -0.65
0.52 9.75 -0.56
0.88 9.76 -0.49
0.48 9.71 -0.69
0.61 9.68 -0.66
0.50 9.72 -0.68
0.85 9.63 -0.72
0.22 9.77 -0.60
0.29 9.72 -0.65
0.08 9.80 -0.72
0.49 9.76 -0.66
0.55 9.78 -0.58
0.37 9.74 -0.60
0.29 9.77 -0.69
0.68 9.77 -0.60
0.69 9.76 -0.49
0.75 9.65 -0.66
0.45 9.72 -0.53
-0.02 9.79 -0.63
0.93 9.73 -0.60
0.06 9.75 -0.51
0.27 9.72 -0.63
0.58 9.69 -0.53
0.24 9.71 -0.60
0.56 9.72 -0.71
0.21 9.69 -0.72
0.56 9.74 -0.65
0.30 9.74 -0.56
-0.02 9.74 -0.64
0.66 9.80 -0.58
-0.11 9.76 -0.49
0.58 9.68 -0.62
0.05 9.70 -0.68
0.18 9.72 -0.74
0.39 9.72 -0.64
0.02 9.73 -0.66
0.62 9.69 -0.58
0.44 9.72 -0.50
0.19 9.75 -0.53
0.11 9.72 -0.56
0.20 9.68 -0.70
0.61 9.72 -0.54
0.55 9.70 -0.74
0.05 9.74 -0.61
0.10 9.75 -0.58
0.51 9.76 -0.62
0.26 9.76 -0.74
0.61 9.79 -0.69
0.27 9.71 -0.60
0.23 9.69 -0.73
0.37 9.72 -0.78
0.48 9.79 -0.55
0.12 9.76 -0.64
-0.03 9.72 -0.53
0.48 9.68 -0.63
0.70 9.69 -0.71
0.40 9.73 -0.65
0.17 9.67 -0.72
0.37 9.73 -0.64
0.32 9.76 -0.54
0.25 9.75 -0.83
0.39 9.74 -0.82
0.35 9.70 -0.67
0.62 9.76 -0.62
0.62 9.70 -0.67
0.48 9.76 -0.48
0.13 9.75 -0.54
0.30 9.76 -0.56
0.51 9.79 -0.73
0.33 9.76 -0.72
0.35 9.73 -0.72
0.90 9.71 -0.78
0.89 9.76 -0.58
0.40 9.77 -0.56
0.44 9.76 -0.57
0.37 9.77 -0.60
0.20 9.74 -0.70
0.22 9.78 -0.46
0.19 9.76 -0.59
0.49 9.75 -0.52
0.37 9.76 -0.68
-0.01 9.79 -0.59
0.58 9.71 -0.59
0.34 9.68 -0.78
0.62 9.76 -0.60
1.05 9.71 -0.63
-0.11 9.82 -0.53
0.23 9.70 -0.71
0.46 9.72 -0.72
0.63 9.76 -0.66
0.18 9.18 -0.56
0.58 10.17 -0.57
0.33 9.61 -0.71
0.16 9.61 -0.67
0.28 10.20 -0.89
0.01 9.04 -1.08
0.50 10.24 -0.88
0.14 9.54 -0.37
0.33 9.66 -0.50
0.44 10.01 -0.60
0.36 9.37 -0.47
0.56 10.01 -0.57
0.54 9.53 -0.42
0.51 9.69 -0.93
0.51 9.91 -0.70
0.30 9.49 -0.41
0.42 9.97 -0.91
0.20 9.54 -0.57
0.34 9.70 -0.59
0.33 9.87 -0.82
0.33 9.56 -0.54
0.40 9.92 -0.88
