0.86 8.50 -4.97
1.02 10.10 2.29
1.69 9.70 1.76
2.63 9.33 -0.15
-3.45 9.57 -8.32
-0.40 8.97 -8.92
0.38 11.27 6.24
2.23 9.45 -0.35
1.88 9.62 1.62
-3.16 9.51 -1.07
0.86 9.25 -2.33
-4.19 9.06 -8.37
-1.11 9.32 -6.77
-0.10 11.04 4.93
0.52 9.55 0.53
1.84 9.50 1.05
-0.41 9.13 -1.34
-1.02 9.44 -3.33
-1.45 9.22 -8.15
-1.78 9.50 -5.40
0.36 10.98 4.88
3.79 9.39 -0.18
2.61 9.74 2.09
2.81 9.92 2.68
1.26 9.56 -0.95
0.17 10.00 -2.63
-3.08 9.22 -5.70
-1.36 11.02 5.68
2.36 9.20 -1.40
1.86 10.03 2.35
4.29 9.90 3.27
3.29 9.71 1.01
2.02 10.15 0.91
-3.21 9.19 -4.73
-3.01 9.75 -4.35
-1.03 9.45 -4.19
1.34 10.30 3.46
-0.21 9.59 0.67
3.09 9.76 2.13
0.84 9.49 1.00
-0.54 9.44 -1.79
-2.19 9.74 -6.19
-1.81 9.34 -6.21
0.26 10.96 5.28
2.18 9.45 -0.94
2.12 9.79 2.78
6.61 9.97 4.21
-0.02 9.97 -0.05
-2.01 9.96 -0.96
-3.20 9.39 -4.99
-0.60 9.41 -5.68
-1.98 9.39 -4.38
2.40 10.63 4.58
2.52 9.40 1.17
4.02 9.42 1.65
1.55 9.43 -0.09
-1.13 9.46 -2.12
-3.17 9.31 -7.75
-1.95 9.23 -6.16
-2.51 10.97 5.37
1.93 9.34 -1.06
2.59 9.88 1.94
5.86 10.22 4.49
1.62 9.73 0.06
0.60 10.50 1.00
-2.53 9.12 -5.21
-3.55 9.99 -1.12
-1.94 9.68 -4.84
1.13 10.55 4.41
0.55 9.34 -0.27
4.55 9.62 1.94
0.73 9.14 -0.88
-1.12 9.56 -2.24
-4.59 9.58 -7.49
-3.49 9.60 -6.30
0.02 11.03 6.03
0.46 9.18 -2.25
3.07 9.94 2.41
3.74 10.27 3.83
2.87 9.85 1.10
0.07 10.16 -0.22
-2.40 9.34 -4.86
0.62 9.49 -4.46
-1.56 9.37 -4.40
1.88 10.32 3.43
3.84 9.38 0.28
3.32 9.50 1.60
0.35 9.82 1.47
-0.84 9.68 -1.08
-2.52 9.98 -3.55
-2.43 9.35 -5.80
-2.41 10.89 5.37
1.53 9.26 -1.40
3.11 9.78 2.34
3.18 9.79 2.30
3.67 9.64 1.15
0.64 9.56 -1.82
-3.09 9.40 -3.89
-5.54 9.13 -8.28
-2.34 9.71 -5.59
1.17 10.76 5.27
2.31 9.36 0.06
2.23 9.63 2.01
0.12 9.46 0.58
1.31 9.54 -0.26
-0.83 10.57 0.23
-2.78 9.11 -5.74
-1.77 10.27 1.73
-0.33 9.09 -3.31
3.48 9.91 2.62
2.65 9.95 2.34
2.28 9.85 1.08
0.09 9.67 -1.83
0.03 9.43 -2.66
-2.84 9.13 -8.72
-2.14 9.57 -5.86
1.07 11.12 6.05
5.20 9.48 0.16
3.82 9.66 2.85
1.18 10.17 3.38
0.58 9.82 -0.54
-0.16 10.39 -0.59
-3.69 9.39 -5.28
-1.60 9.84 -3.09
0.47 9.18 -4.46
3.57 10.36 4.24
4.07 9.38 1.59
3.54 9.40 0.94
0.11 9.11 -2.53
-2.41 9.34 -3.73
-4.27 9.02 -8.99
-1.94 9.68 -5.25
-2.49 11.14 6.41
3.32 9.21 -0.82
3.20 9.99 3.05
5.30 10.14 4.64
2.79 9.69 0.18
-0.72 10.60 0.11
-3.69 9.20 -5.41
-3.59 10.19 -0.08
-0.48 9.61 -4.63
2.29 10.62 5.46
0.18 9.49 0.90
3.94 9.62 2.50
1.78 9.14 -0.50
-0.35 9.50 -2.03
-2.37 9.40 -7.64
-0.54 9.27 -5.62
-1.47 11.01 5.66
3.39 9.21 -0.25
2.07 9.79 2.38
4.49 10.14 3.53
1.95 9.93 1.52
-3.49 10.01 -1.21
-2.19 9.40 -5.16
-0.11 9.46 -5.89
-1.30 9.48 -5.11
2.84 10.52 4.03
4.32 9.35 0.12
3.54 9.60 2.33
0.18 10.03 2.65
-0.25 9.67 -0.70
-0.68 10.09 -1.89
-4.00 9.24 -6.40
-3.71 10.86 4.70
1.73 9.06 -1.86
2.52 9.82 2.61
1.75 9.70 1.97
3.98 9.77 1.74
-2.41 9.54 -1.73
-1.92 9.64 -2.74
-5.33 9.17 -8.81
-0.99 9.72 -5.27
0.50 11.00 6.00
2.21 9.36 -0.26
3.21 9.65 2.25
1.62 9.69 2.45
1.45 9.66 -0.24
-0.74 10.62 0.81
-2.34 9.03 -5.23
-3.28 10.12 -0.30
-1.65 9.33 -3.21
2.34 10.21 3.34
1.45 9.67 1.90
3.80 9.71 1.41
-2.00 9.40 -2.64
-1.42 9.54 -1.90
-1.08 9.39 -7.64
-1.05 9.29 -6.87
-0.12 11.04 5.63
2.58 9.30 -1.13
4.04 9.60 2.79
3.24 10.33 4.87
1.66 9.85 0.34
-1.23 10.57 0.74
-3.69 9.41 -4.79
-0.52 9.26 -6.33
-1.45 9.31 -5.69
3.10 10.69 4.66
2.27 9.48 1.27
3.28 9.61 2.28
-0.57 9.46 -0.33
-0.69 9.50 -2.15
0.60 10.28 -0.99
-2.69 9.11 -6.25
-1.43 10.68 3.64
3.07 9.01 -2.55
4.19 9.76 2.17
5.25 10.04 4.09
2.99 9.71 0.65
-1.21 10.16 -0.50
-1.88 9.28 -4.63
-3.37 9.13 -8.41
-0.84 9.69 -5.42
-0.88 10.94 5.75
2.74 9.28 -0.20
3.05 9.65 2.20
4.20 9.62 2.95
0.41 9.66 -0.83
-3.22 10.19 -3.31
-1.99 9.12 -5.53
-3.24 9.97 -1.41
-0.32 9.31 -3.62
1.95 10.30 4.26
4.27 9.64 2.73
2.17 9.68 1.70
-3.25 9.21 -3.35
-1.53 9.55 -3.31
-4.05 9.01 -9.63
-1.97 9.41 -5.64
1.26 10.98 5.93
2.41 9.33 -0.57
1.82 9.74 2.30
1.34 10.40 3.82
1.10 9.78 0.38
1.52 10.48 1.14
-3.73 9.07 -6.11
-1.70 10.06 0.13
-0.14 9.21 -3.26
2.79 10.68 4.29
1.54 9.73 0.93
2.71 9.59 2.22
-0.69 9.46 -0.15
-0.38 9.44 -2.30
-2.80 9.70 -6.22
-1.49 9.68 -5.21
-2.77 11.11 6.58
3.57 9.40 -0.45
3.03 9.86 2.52
4.43 10.04 3.84
2.94 9.67 0.51
-2.17 10.07 -0.50
-2.12 9.22 -4.60
-3.55 9.36 -6.25
-1.73 9.57 -4.57
2.47 10.66 5.42
-0.01 9.53 1.02
2.91 9.76 2.57
3.70 9.65 3.17
-1.34 9.60 -0.82
-2.95 10.19 -2.49
-2.95 9.07 -5.97
-0.55 10.44 3.69
0.74 9.19 -2.14
4.44 9.81 3.25
3.22 10.06 3.48
3.44 9.60 1.63
-1.37 9.11 -2.95
-0.03 9.43 -3.30
-0.81 8.90 -9.75
0.46 9.48 -5.93
2.31 11.12 6.66
4.29 9.52 1.03
3.47 9.71 3.38
1.90 10.23 4.06
1.53 9.93 0.55
-0.16 10.37 0.43
-4.14 9.25 -5.86
0.69 9.89 -1.82
-3.03 9.15 -4.54
4.64 10.03 3.29
1.64 9.63 1.87
3.03 9.54 0.78
-0.84 9.44 -1.97
-1.10 9.46 -2.19
-3.54 9.84 -4.53
-2.12 9.47 -5.12
-0.90 10.10 1.80
1.68 9.55 0.24
1.21 9.59 0.75
2.63 9.96 1.87
2.09 9.65 -0.67
0.27 9.88 -0.38
0.08 9.62 -1.28
-0.05 9.66 -1.44
-0.01 9.81 -0.82
0.25 9.60 -0.55
0.36 9.83 -0.59
0.39 9.73 -0.12
0.78 9.76 -0.56
0.58 9.76 -0.45
0.44 9.75 -0.71
0.22 9.74 -0.84
0.95 9.73 -0.61
0.23 9.76 -0.77
0.10 9.68 -0.40
0.09 9.79 -0.53
-0.02 9.70 -0.65
1.09 9.76 -0.50
0.14 9.78 -0.17
0.99 9.80 -0.59
0.48 9.88 -0.71
0.48 9.73 -0.78
0.32 9.77 -0.82
0.42 9.70 -0.73
0.36 9.76 -0.54
0.50 9.63 -0.83
1.02 9.72 -0.78
0.33 9.67 -0.91
0.27 9.80 -0.74
0.08 9.74 -0.86
0.34 9.74 -0.89
-0.14 9.83 -0.66
0.44 9.71 -0.61
0.08 9.74 -0.61
-0.02 9.78 -0.50
0.32 9.72 -0.68
-0.06 9.77 -0.60
0.06 9.76 -0.81
0.20 9.80 -0.53
0.13 9.79 -0.72
0.31 9.77 -0.71
0.92 9.77 -0.42
0.18 9.78 -0.59
0.17 9.73 -0.67
0.45 9.74 -0.57
0.39 9.76 -0.56
0.10 9.81 -0.58
0.61 9.72 -0.68
0.28 9.76 -0.58
0.38 9.78 -0.62
0.27 9.76 -0.62
0.35 9.73 -0.63
0.97 9.70 -0.46
0.39 9.75 -0.82
0.26 9.75 -0.55
0.13 9.76 -0.64
0.04 9.82 -0.75
0.80 9.77 -0.67
0.28 9.81 -0.74
0.55 9.73 -0.47
-0.27 9.75 -0.70
0.80 9.80 -0.75
-0.06 9.75 -0.58
0.37 9.72 -0.56
0.54 9.73 -0.72
0.55 9.74 -0.71
0.63 9.75 -0.48
0.77 9.80 -0.56
0.51 9.75 -0.58
0.29 9.75 -0.61
0.61 9.77 -0.55
0.29 9.70 -0.72
0.15 9.73 -0.78
0.91 9.74 -0.68
0.42 9.70 -0.75
-0.01 9.73 -0.63
0.31 9.73 -0.70
0.55 9.75 -0.57
0.03 9.72 -0.67
0.21 9.79 -0.60
0.52 9.74 -0.74
0.25 9.78 -0.70
0.52 9.72 -0.58
0.46 9.70 -0.62
0.33 9.72 -0.62
0.26 9.79 -0.66
-0.02 9.75 -0.60
0.53 9.74 -0.76
0.85 9.76 -0.51
0.66 9.78 -0.55
0.47 9.75 -0.57
0.73 9.69 -0.65
0.60 9.77 -0.68
0.37 9.76 -0.44
0.57 9.70 -0.54
0.58 9.75 -0.62
0.67 9.73 -0.60
0.95 9.79 -0.66
0.16 9.69 -0.65
0.60 9.76 -0.62
0.39 9.70 -0.77
0.46 9.73 -0.67
0.76 9.74 -0.77
-0.06 9.73 -0.68
0.40 9.74 -0.67
0.25 9.71 -0.75
0.38 9.74 -0.67
0.72 9.75 -0.73
0.66 9.73 -0.54
0.30 9.76 -0.72
0.06 9.63 -0.76
-0.07 9.78 -0.55
0.74 9.80 -0.62
0.50 9.74 -0.66
0.06 9.77 -0.61
1.03 9.72 -0.63
0.36 9.80 -0.69
0.84 9.69 -0.64
0.32 9.70 -0.61
0.90 9.71 -0.54
0.05 9.75 -0.69
0.08 9.76 -0.63
0.56 9.74 -0.67
-0.27 9.74 -0.57
0.61 9.71 -0.67
0.24 9.75 -0.71
0.49 9.72 -0.54
0.08 9.75 -0.55
0.50 9.68 -0.61
0.65 9.76 -0.61
0.10 9.71 -0.60
0.62 9.75 -0.63
0.69 9.70 -0.67
0.26 9.68 -0.66
0.57 9.71 -0.59
0.48 9.78 -0.57
0.64 9.67 -0.64
0.62 9.75 -0.59
0.16 9.72 -0.51
0.35 9.71 -0.70
0.75 9.74 -0.59
0.96 9.71 -0.61
0.28 9.81 -0.66
0.39 9.74 -0.64
0.50 9.77 -0.63
0.60 9.76 -0.71
-0.14 9.72 -0.70
-0.22 9.76 -0.60
0.32 9.77 -0.54
0.60 9.74 -0.70
0.53 9.76 -0.64
0.41 9.75 -0.71
0.66 9.79 -0.58
0.88 9.71 -0.77
0.37 9.74 -0.59
0.19 9.72 -0.62
0.18 9.72 -0.51
0.18 9.76 -0.63
0.44 9.74 -0.56
0.61 9.70 -0.64
0.61 9.71 -0.53
0.62 9.71 -0.60
0.59 9.72 -0.69
0.69 9.77 -0.61
0.27 9.81 -0.66
0.25 9.78 -0.65
0.79 9.73 -0.55
0.47 9.79 -0.59
0.34 9.74 -0.72
0.15 9.81 -0.58
-0.30 9.70 -0.73
0.42 9.73 -0.89
0.62 9.72 -0.70
0.45 9.76 -0.66
0.28 9.82 -0.52
0.51 9.80 -0.69
0.03 9.80 -0.73
-0.14 9.78 -0.59
0.62 9.72 -0.60
0.11 9.75 -0.88
-0.00 9.69 -0.61
0.39 9.78 -0.55
0.65 9.80 -0.63
0.52 9.41 -0.60
1.28 10.17 -0.35
0.74 9.37 -0.33
0.72 10.01 -0.62
0.43 9.74 -0.41
0.39 9.59 -0.73
0.49 9.98 -0.96
0.26 9.31 -0.85
0.30 9.97 -0.96
0.09 9.67 -0.68
0.11 9.60 -0.82
0.30 9.94 -0.84
0.22 9.49 -0.31
0.54 10.04 -0.61
0.35 9.64 -0.50
0.55 9.76 -0.47
0.53 9.86 -0.55
0.43 9.58 -0.48
0.51 9.87 -0.66
