-0.40 9.78 -0.27
-1.42 10.07 -3.41
-1.87 7.61 -14.35
-1.05 10.61 2.96
-1.31 9.38 2.72
-1.80 9.63 -0.50
0.17 9.26 -8.70
0.11 8.14 -12.96
0.30 11.92 7.85
-0.09 10.14 3.67
1.37 9.92 2.88
-1.97 10.45 -1.62
1.69 8.34 -8.38
-1.57 11.95 8.87
-0.30 8.58 -5.83
3.60 9.76 2.24
2.03 10.20 4.63
1.30 9.06 -1.13
-0.94 10.01 -4.00
-1.98 9.02 -8.03
-0.05 11.19 6.33
2.29 9.43 -0.82
2.42 9.83 2.78
5.88 10.24 5.47
1.78 9.44 -0.77
0.07 10.48 0.98
-2.35 9.16 -5.71
-0.93 10.78 4.39
1.34 9.28 -1.34
0.97 9.97 1.38
3.84 10.04 3.50
1.97 9.77 0.84
1.03 9.76 -0.92
-0.92 9.30 -3.90
-3.38 9.60 -4.83
-0.24 9.47 -4.16
-0.10 10.44 3.61
-0.72 9.41 0.97
3.24 9.63 1.95
-2.54 9.22 -2.02
0.22 9.58 -0.74
-1.48 10.09 -3.40
-2.45 9.14 -5.94
-1.04 10.79 4.52
1.36 9.27 -1.35
1.91 9.71 1.87
3.29 10.47 4.14
0.90 9.89 0.63
0.99 10.35 0.96
-0.69 9.27 -4.44
-0.18 9.24 -6.14
-0.89 9.38 -4.63
1.85 10.42 2.94
0.10 9.57 0.27
2.52 9.48 1.54
-1.57 9.31 -0.67
-0.42 9.60 -1.38
-2.21 9.69 -5.34
-2.77 9.24 -4.78
-3.31 10.70 3.72
0.48 9.15 -2.32
2.73 9.82 1.90
2.80 9.96 2.96
2.49 9.71 0.45
-1.11 10.00 -0.46
-0.67 9.21 -4.15
-2.64 9.38 -5.45
-0.93 9.72 -5.45
0.50 10.77 5.18
1.05 9.50 -0.22
3.42 9.73 2.18
3.67 9.72 2.85
0.03 9.51 -0.72
-0.69 10.15 -1.94
-3.02 9.21 -5.90
-1.55 10.64 3.88
-1.96 9.36 -3.69
1.58 9.98 2.19
0.66 9.78 1.25
2.81 9.79 1.84
-2.69 9.23 -3.02
-0.30 9.46 -2.92
-1.15 8.99 -8.47
-0.09 9.58 -4.98
2.28 10.74 4.86
2.32 9.54 0.71
2.60 9.86 2.39
5.12 10.38 4.58
1.15 9.98 0.25
0.03 10.45 1.13
-2.96 9.28 -5.09
0.10 10.08 -0.14
-0.10 9.13 -3.56
2.90 10.03 2.57
3.16 9.50 1.25
3.26 9.59 2.63
3.07 9.37 0.38
-0.99 9.50 -2.20
-1.24 9.43 -6.19
-2.07 9.44 -5.88
-2.13 10.99 5.53
3.66 9.28 -0.74
2.25 9.90 2.00
5.90 10.11 4.26
3.08 9.67 0.49
0.94 9.92 -0.84
-2.56 9.38 -4.40
-3.36 9.30 -6.88
-1.19 9.62 -5.16
1.20 10.47 4.45
-0.72 9.58 0.45
3.52 9.64 2.12
1.98 9.16 -0.58
1.30 9.57 -0.35
-0.24 10.28 -0.73
0.05 8.99 -5.39
-1.39 10.48 2.26
0.11 9.33 -2.37
0.34 9.91 2.41
3.06 10.06 2.78
2.05 9.91 1.34
-1.59 9.73 -1.50
-1.27 9.60 -2.74
-1.55 9.20 -8.39
0.03 9.50 -5.72
0.95 11.00 5.23
3.76 9.31 -0.46
2.62 9.67 2.01
2.17 10.13 3.14
1.58 9.60 -0.76
-1.12 10.44 0.18
-4.04 9.42 -5.00
0.30 9.53 -3.96
-1.71 9.40 -4.54
2.81 10.42 3.65
1.96 9.74 1.70
3.17 9.68 1.73
-0.25 9.22 -1.94
-0.17 9.59 -2.45
-3.12 9.27 -8.06
-4.35 9.41 -5.59
-3.71 10.86 4.97
0.72 8.98 -2.84
2.61 9.81 2.07
4.96 10.14 4.08
2.51 9.52 -0.19
1.48 10.35 0.56
-2.50 9.10 -5.13
-3.24 9.65 -3.68
-1.71 9.77 -5.48
-0.63 10.85 5.33
2.70 9.39 -0.01
2.25 9.76 1.89
1.65 9.57 1.09
1.91 9.43 -1.28
-1.38 10.00 -3.74
-0.83 9.30 -5.51
-0.60 10.74 4.61
-0.01 9.22 -3.11
2.84 10.14 3.43
0.83 9.90 1.95
2.51 9.69 1.54
-1.31 9.21 -3.04
-0.56 9.39 -3.29
-2.30 9.10 -8.33
-0.09 9.55 -5.26
1.13 10.82 4.88
3.47 9.42 -0.73
3.30 9.73 2.72
4.01 10.25 4.35
1.50 9.91 0.46
0.89 10.49 0.97
-3.59 9.21 -5.69
-1.12 10.07 -0.54
-0.33 9.17 -3.18
2.55 9.98 2.62
2.42 9.48 1.02
4.07 9.45 2.02
2.91 9.58 1.30
-0.47 9.56 -1.43
-1.64 9.64 -5.36
-1.04 9.40 -5.99
-2.90 11.02 5.64
0.81 9.31 -1.11
1.84 9.77 1.97
6.67 10.03 4.41
3.10 9.67 0.78
-1.39 9.71 -1.40
-1.40 9.36 -3.76
-4.05 9.17 -7.70
-2.89 9.74 -5.06
0.45 10.61 4.97
0.95 9.51 0.49
1.93 9.70 2.09
3.65 9.27 1.35
1.60 9.61 -0.20
-0.85 10.53 0.41
-1.97 9.09 -5.53
-3.61 10.40 1.51
-1.05 9.25 -2.99
2.58 9.97 2.55
0.83 9.96 2.04
1.15 9.81 1.38
-2.75 9.42 -2.58
-1.25 9.53 -2.28
-1.84 9.28 -8.20
-0.68 9.25 -6.17
-0.57 11.03 5.30
3.18 9.33 -0.74
2.32 9.51 1.78
3.59 10.38 4.20
0.91 9.85 0.16
-2.80 10.46 0.17
-2.46 9.43 -4.69
-0.59 9.20 -6.90
-3.27 9.70 -4.76
1.81 10.70 4.42
2.61 9.57 0.82
3.96 9.60 1.89
-0.07 9.40 -0.51
-0.70 9.61 -1.68
-3.26 9.48 -6.38
-4.28 9.19 -6.26
-2.02 10.38 2.63
0.98 9.03 -3.58
2.11 10.03 2.69
4.76 9.74 2.59
2.66 9.72 0.54
-0.18 9.78 -1.21
-2.11 9.37 -3.97
-4.13 9.32 -6.62
-1.42 9.68 -5.72
-2.98 11.11 5.88
3.36 9.40 -0.54
2.40 9.78 2.41
6.30 9.81 4.07
0.30 9.64 -0.47
-3.86 10.60 -0.59
-1.39 9.08 -5.50
-0.77 10.37 2.49
-1.55 9.33 -4.63
0.61 10.48 4.57
-0.47 9.43 0.68
3.58 9.51 1.97
-2.35 9.11 -2.14
-0.97 9.49 -2.53
-2.12 9.10 -8.79
-0.74 9.41 -6.35
0.54 11.04 5.49
0.19 9.32 -1.80
1.44 9.80 2.12
2.87 10.11 2.88
1.95 9.89 0.89
-1.31 9.99 -1.08
-1.34 9.27 -4.99
-0.93 9.34 -5.21
-0.31 9.29 -4.66
1.68 10.38 3.88
4.06 9.58 0.76
3.11 9.48 2.21
3.75 10.10 4.03
-1.33 9.75 -0.72
-1.15 10.34 -0.19
-2.96 9.30 -5.03
-2.55 10.69 4.27
2.74 9.03 -2.27
2.72 9.94 2.13
1.01 9.55 1.49
3.26 9.63 1.87
-0.75 9.25 -1.62
-2.00 9.37 -2.86
-2.92 9.13 -8.78
-1.24 9.61 -5.84
-1.28 10.86 5.40
1.96 9.34 -1.00
2.87 9.69 2.11
4.25 10.13 4.08
2.73 9.65 0.20
-0.99 10.44 0.20
-1.52 9.22 -4.46
-3.30 9.72 -3.35
-0.53 9.42 -4.05
3.15 10.45 4.94
0.40 9.70 1.51
3.52 9.73 2.17
-1.81 9.07 -2.63
0.41 9.59 -1.11
-0.98 10.09 -2.81
-2.86 9.19 -5.69
-0.59 10.81 5.26
0.77 9.18 -1.78
2.54 9.85 2.81
4.93 10.30 3.84
1.90 9.75 0.32
-1.57 9.38 -2.51
-1.00 9.62 -3.49
-3.78 9.78 -4.03
-0.28 9.70 -3.48
-0.34 9.53 -1.06
2.24 9.62 0.21
0.93 9.55 -0.57
2.18 9.85 0.31
2.04 9.72 -0.17
0.63 9.77 -1.09
0.04 9.90 -0.52
0.08 9.61 -0.89
0.05 9.93 -0.61
0.08 9.77 -0.39
0.75 9.71 -0.76
0.26 9.68 -0.69
1.09 9.79 -0.55
0.53 9.66 -0.84
0.45 9.83 -0.73
0.99 9.71 -0.61
0.30 9.75 -0.56
0.67 9.80 -0.45
0.73 9.69 -0.50
0.19 9.83 -0.60
-0.10 9.69 -0.44
0.64 9.72 -0.44
0.67 9.75 -0.56
0.43 9.80 -0.29
-0.15 9.63 -0.97
0.11 9.74 -0.62
0.81 9.73 -0.61
0.60 9.67 -0.56
0.66 9.71 -0.60
0.38 9.76 -0.62
0.82 9.77 -0.63
0.62 9.67 -0.73
0.37 9.69 -0.64
0.59 9.72 -0.60
-0.26 9.86 -0.65
0.60 9.81 -0.67
0.32 9.83 -0.63
0.19 9.85 -0.70
0.45 9.72 -0.78
1.23 9.71 -0.62
0.18 9.70 -0.74
0.84 9.73 -0.43
0.16 9.81 -0.56
0.20 9.72 -0.49
0.43 9.78 -0.58
0.38 9.70 -0.67
0.15 9.79 -0.60
0.22 9.76 -0.59
0.59 9.77 -0.78
0.09 9.77 -0.60
0.35 9.77 -0.51
0.48 9.70 -0.70
0.29 9.70 -0.78
0.36 9.74 -0.67
0.26 9.78 -0.67
0.40 9.71 -0.78
0.18 9.73 -0.63
0.13 9.75 -0.57
0.01 9.75 -0.71
0.63 9.67 -0.93
0.40 9.77 -0.67
0.28 9.72 -0.78
0.49 9.78 -0.61
0.37 9.74 -0.57
0.38 9.78 -0.45
-0.01 9.78 -0.68
0.74 9.75 -0.60
0.55 9.72 -0.80
0.65 9.76 -0.59
0.87 9.72 -0.57
0.57 9.71 -0.62
0.32 9.74 -0.55
0.07 9.78 -0.60
0.57 9.75 -0.61
0.55 9.67 -0.83
0.05 9.76 -0.67
0.37 9.74 -0.69
0.62 9.74 -0.63
0.29 9.83 -0.53
0.01 9.68 -0.78
0.51 9.69 -0.70
0.36 9.81 -0.63
0.43 9.75 -0.75
0.07 9.73 -0.65
-0.16 9.71 -0.73
0.33 9.70 -0.78
0.32 9.71 -0.66
0.44 9.74 -0.47
0.35 9.74 -0.48
0.43 9.69 -0.62
0.09 9.68 -0.71
0.44 9.74 -0.72
0.56 9.72 -0.62
0.55 9.74 -0.72
0.50 9.71 -0.75
0.75 9.73 -0.64
0.66 9.77 -0.64
0.50 9.76 -0.63
0.42 9.73 -0.67
0.26 9.70 -0.64
0.19 9.73 -0.60
0.26 9.73 -0.82
0.25 9.72 -0.62
0.56 9.73 -0.69
0.39 9.76 -0.79
0.32 9.77 -0.70
0.25 9.76 -0.82
0.60 9.79 -0.79
0.35 9.73 -0.77
0.00 9.73 -0.63
0.30 9.79 -0.69
0.84 9.77 -0.56
1.03 9.74 -0.66
0.19 9.77 -0.61
0.46 9.76 -0.62
0.63 9.71 -0.56
0.76 9.76 -0.64
-0.06 9.78 -0.62
0.65 9.66 -0.85
0.66 9.76 -0.62
-0.16 9.71 -0.74
0.56 9.74 -0.62
0.76 9.82 -0.75
0.73 9.68 -0.68
0.36 9.76 -0.66
0.15 9.74 -0.74
0.41 9.72 -0.70
0.39 9.77 -0.74
0.27 9.77 -0.49
0.50 9.77 -0.66
0.27 9.73 -0.37
0.40 9.73 -0.57
0.73 9.73 -0.61
0.48 9.80 -0.57
0.49 9.79 -0.61
0.87 9.77 -0.67
0.61 9.74 -0.63
0.23 9.74 -0.59
0.45 9.71 -0.71
0.58 9.72 -0.53
0.41 9.74 -0.66
-0.06 9.79 -0.68
0.48 9.75 -0.64
0.74 9.73 -0.54
0.32 9.65 -0.65
0.11 9.74 -0.45
0.67 9.71 -0.58
0.60 9.75 -0.61
0.46 9.70 -0.70
0.19 9.77 -0.62
0.63 9.75 -0.64
0.47 9.66 -0.72
0.37 9.82 -0.66
0.06 9.82 -0.46
0.05 9.73 -0.64
0.46 9.75 -0.65
0.50 9.74 -0.50
0.64 9.74 -0.68
0.57 9.80 -0.55
0.33 9.74 -0.67
0.25 9.82 -0.52
0.45 9.71 -0.56
0.38 9.76 -0.52
0.62 9.71 -0.81
0.35 9.73 -0.47
0.31 9.77 -0.63
0.59 9.71 -0.59
0.28 9.70 -0.75
0.55 9.75 -0.66
0.17 9.74 -0.47
0.39 9.76 -0.48
0.55 9.73 -0.60
0.35 9.73 -0.59
0.38 9.79 -0.69
0.41 9.70 -0.61
0.31 9.69 -0.66
0.22 9.72 -0.62
0.54 9.73 -0.53
0.81 9.71 -0.62
0.36 9.80 -0.53
0.10 9.75 -0.54
0.44 9.73 -0.86
0.61 9.86 -0.81
0.49 9.48 -0.65
0.67 10.42 -0.59
-0.37 9.52 -0.55
-0.21 9.87 -0.84
0.24 9.79 -1.45
0.10 9.51 -0.61
0.24 10.14 -0.73
0.12 9.38 -0.47
0.54 9.92 -0.33
0.55 9.86 -0.60
0.54 9.52 -0.20
0.68 10.10 -0.41
0.59 9.46 -0.67
0.53 9.92 -0.55
0.53 9.85 -0.53
0.24 9.54 -0.61
0.39 9.94 -0.91
0.20 9.49 -0.68
0.33 9.93 -0.78
0.22 9.82 -0.67
0.28 9.52 -0.69
0.40 10.00 -0.68
0.38 9.56 -0.44
0.47 9.85 -0.63
