0.40 10.70 -2.18
2.56 8.22 -10.86
4.22 12.29 13.88
-0.85 9.03 0.16
0.79 9.58 3.72
5.20 9.62 -1.88
0.37 8.54 -6.53
-0.58 11.43 8.21
1.20 8.32 -7.26
1.28 10.27 4.55
1.23 10.14 3.58
4.83 9.57 0.98
-1.52 8.91 -10.43
0.07 8.57 -10.96
-5.53 12.07 9.83
-0.03 8.78 -3.14
-0.25 10.01 3.01
0.52 9.28 0.55
1.30 9.47 -0.24
-3.82 9.36 -9.37
1.55 8.76 -9.06
0.62 11.81 9.77
0.76 9.02 -2.42
0.45 9.72 2.95
2.79 9.53 2.35
0.17 9.62 -0.80
-2.69 9.56 -7.59
-1.02 8.94 -7.12
-0.73 11.31 8.08
0.61 8.68 -4.59
0.45 10.06 1.19
2.98 10.32 4.99
1.26 9.78 0.49
0.17 10.60 0.92
0.55 8.63 -5.60
-2.02 10.59 4.01
-0.91 8.98 -6.52
0.82 10.91 5.65
0.44 9.53 0.70
2.20 9.73 1.96
0.74 9.07 -1.99
0.34 9.43 -2.06
-0.41 8.84 -10.04
0.78 8.88 -8.12
0.00 11.48 8.68
-0.23 8.82 -4.00
-0.12 9.60 1.03
-0.58 10.51 4.09
0.07 9.96 1.47
-1.77 10.59 0.39
-1.69 8.92 -6.16
-1.55 10.54 4.40
1.90 8.59 -5.26
1.78 10.87 5.08
0.47 9.72 1.08
2.29 9.77 2.15
-0.01 9.38 -1.46
2.25 9.29 -1.99
-3.27 8.88 -9.42
-1.08 9.24 -8.29
-2.73 11.70 8.69
-0.89 9.19 -1.55
-0.30 9.51 1.15
4.70 10.20 4.89
2.41 9.77 0.46
-2.50 10.65 0.05
-1.55 8.82 -5.87
-2.53 10.59 4.28
-1.03 8.75 -5.42
0.98 10.34 2.94
3.49 10.27 4.11
0.79 9.66 2.01
0.49 9.22 -2.34
0.83 9.40 -2.33
-0.23 8.89 -9.31
0.32 8.98 -8.20
1.42 11.51 8.30
4.74 9.22 -1.16
0.46 9.53 2.22
2.28 9.80 2.47
0.42 10.02 1.00
-0.84 10.57 0.88
-1.36 9.00 -5.64
-1.87 10.31 2.55
-0.22 8.33 -6.29
1.84 10.27 2.71
1.40 10.26 3.35
2.08 9.86 1.99
-1.56 9.43 -0.94
1.05 9.45 -0.76
-1.95 9.04 -8.64
-0.44 9.30 -8.19
-1.59 11.58 8.93
1.56 9.08 -2.18
0.15 9.86 1.46
4.64 9.87 3.50
2.13 9.65 0.09
-0.15 10.24 -2.67
-1.60 8.85 -4.63
-2.32 9.86 -0.10
-0.91 8.76 -6.70
-0.58 10.53 3.63
0.52 9.93 1.73
1.71 9.80 1.77
1.27 9.28 -2.50
0.45 9.28 -2.85
0.13 8.69 -8.73
2.31 8.90 -8.03
0.99 11.67 9.47
1.80 8.93 -3.05
0.14 9.76 1.98
2.57 10.47 4.72
-0.76 10.07 1.22
-1.79 10.51 0.08
-2.57 9.06 -6.60
-1.10 10.72 4.82
0.90 8.48 -7.95
0.84 10.69 3.73
2.11 9.65 0.58
2.07 9.69 1.36
-0.84 9.46 -1.21
1.94 9.41 -1.23
-2.64 8.79 -9.23
0.15 9.30 -8.22
-0.60 11.67 9.07
2.36 8.71 -4.19
1.87 9.97 2.14
3.91 10.45 5.61
0.87 9.88 1.17
-0.56 10.67 0.14
-1.95 8.96 -5.44
-2.12 10.38 3.07
-2.61 8.83 -6.17
-1.51 11.14 6.19
1.01 9.44 -0.11
1.70 9.75 1.88
-0.10 9.11 -2.07
-0.02 9.53 -1.22
2.21 8.86 -8.62
-0.50 9.09 -8.27
0.42 11.67 9.08
3.11 9.01 -2.29
0.40 9.69 2.18
1.32 10.81 5.60
2.01 10.09 1.70
0.39 10.55 1.14
0.12 9.04 -4.77
0.63 9.62 -1.67
-0.33 8.63 -7.38
1.76 10.52 3.38
1.00 9.93 1.86
4.70 9.49 1.51
0.87 9.43 1.17
0.82 9.64 0.19
0.80 9.46 -5.89
-1.64 9.17 -7.36
-2.03 11.75 10.19
0.64 9.01 -2.85
1.09 9.80 1.30
4.55 10.21 4.70
2.86 9.65 0.64
1.56 10.35 0.43
0.53 9.10 -3.85
-2.47 9.25 -4.61
-1.33 9.09 -7.36
-0.96 10.77 5.35
-0.68 9.53 0.33
1.72 9.59 1.62
-0.72 9.05 -2.23
1.34 9.44 -1.86
1.77 9.66 -5.52
0.73 9.01 -7.18
-2.13 11.50 8.27
-0.93 8.87 -4.47
2.22 9.77 1.71
2.57 10.79 4.73
1.14 10.16 1.59
0.46 10.52 1.08
-1.23 9.06 -5.16
-0.28 8.78 -7.79
-0.26 8.76 -8.50
0.50 11.13 5.77
2.06 9.37 -0.63
1.93 9.57 1.95
-1.36 9.64 0.92
0.95 9.58 -0.31
-2.52 9.35 -7.58
-1.22 9.12 -8.45
-2.34 10.66 5.19
1.67 8.54 -5.42
2.13 10.23 2.49
1.31 10.50 4.28
2.19 9.83 1.49
0.17 10.28 -0.08
-0.07 8.98 -4.30
-2.69 9.42 -4.15
-1.39 9.00 -7.43
-0.83 11.53 8.44
0.60 9.18 -2.05
1.37 9.71 1.90
3.78 9.74 2.27
1.39 9.65 -0.05
-0.22 10.03 -4.38
-0.72 9.01 -7.49
0.03 11.23 8.24
-0.44 8.76 -5.83
1.47 10.38 3.52
1.82 10.18 2.69
2.07 9.87 1.73
1.78 9.44 -2.24
0.90 9.22 -2.89
1.70 8.68 -7.87
0.03 8.85 -8.25
0.65 11.36 7.16
2.32 9.06 -2.65
0.95 9.69 2.23
3.06 10.44 5.48
0.31 10.17 1.62
-0.32 10.52 -0.05
-2.40 9.05 -6.68
-0.89 10.54 4.46
1.62 8.44 -5.76
1.77 10.17 2.20
1.56 9.84 1.87
1.75 9.66 2.46
2.49 9.31 -1.07
2.73 9.27 -1.94
-2.45 8.88 -9.64
-0.65 9.29 -8.42
-0.61 11.61 9.32
1.75 9.09 -1.95
-0.61 9.75 1.09
3.68 10.44 5.25
2.07 9.93 1.43
-0.15 10.66 0.78
-0.80 8.98 -4.68
-3.21 10.11 0.99
-1.34 8.78 -6.65
1.01 10.44 3.34
2.27 9.88 2.02
2.67 9.70 1.29
2.08 9.04 -0.37
-0.09 9.57 -0.84
1.57 9.18 -7.98
-1.13 9.20 -7.96
0.33 11.68 9.86
1.06 8.94 -2.54
0.94 9.90 2.16
0.32 10.57 5.04
-0.28 10.04 1.34
-0.29 10.19 -0.52
-0.47 9.10 -4.73
-1.57 9.13 -4.86
0.23 8.60 -7.77
0.61 10.77 4.53
2.01 9.53 0.16
2.05 9.72 2.17
1.10 9.31 -0.97
0.46 9.53 -1.14
-1.93 10.05 -3.35
-1.49 9.12 -7.38
-0.97 11.42 8.71
-0.50 8.90 -4.41
2.51 9.99 2.18
2.02 10.37 4.35
1.61 9.91 1.16
2.31 10.61 0.65
0.50 9.27 -2.99
-3.35 8.85 -8.45
-0.91 9.18 -8.27
-1.99 11.39 7.39
1.10 9.21 -1.57
1.43 9.66 1.63
1.71 9.40 0.25
0.82 9.58 -0.83
2.77 9.50 -6.57
-0.49 9.29 -7.50
-2.24 10.85 5.65
-2.02 8.91 -5.47
2.47 10.17 2.53
0.02 10.52 3.25
2.39 10.00 1.73
-0.54 10.09 -0.38
0.57 9.26 -3.72
1.68 8.71 -9.28
-0.72 9.26 -8.34
1.68 11.46 8.40
1.99 9.17 -1.85
1.00 9.70 2.69
2.25 9.88 2.86
0.27 9.86 0.42
1.00 10.49 0.29
-2.18 9.09 -6.60
-2.03 9.94 0.13
-2.73 9.54 -1.98
-0.34 9.40 -1.02
1.43 10.01 0.64
2.11 9.34 -0.94
0.99 9.79 0.33
0.92 10.02 -0.34
0.66 9.50 -1.55
0.76 10.06 0.11
0.18 9.43 -0.95
-0.16 9.74 -1.19
-0.08 9.83 -0.18
0.19 9.80 -0.72
0.19 9.66 -0.56
-0.17 9.91 -0.63
0.47 9.60 -0.93
-0.26 9.70 -0.78
0.68 9.75 -0.47
0.45 9.59 -0.72
0.39 9.87 -0.51
0.92 9.63 -0.72
0.30 9.84 -0.79
0.61 9.79 -0.18
0.14 9.84 -0.67
-0.17 9.79 -0.82
0.28 9.77 -0.61
0.37 9.80 -0.54
1.19 9.64 -0.26
0.63 9.83 -0.36
0.01 9.73 -0.56
0.89 9.76 -0.47
0.73 9.72 -0.68
0.44 9.79 -0.61
0.79 9.76 -0.44
0.41 9.71 -0.71
0.27 9.80 -0.60
0.37 9.73 -0.67
0.35 9.85 -0.54
0.50 9.73 -0.72
0.47 9.67 -0.76
0.48 9.69 -0.84
0.59 9.73 -0.66
0.40 9.69 -0.61
0.65 9.71 -0.82
0.35 9.75 -0.53
0.90 9.73 -0.30
0.18 9.74 -0.77
0.48 9.76 -0.62
-0.09 9.81 -0.64
0.57 9.76 -0.65
0.73 9.71 -0.63
0.36 9.81 -0.65
0.16 9.71 -0.42
0.27 9.74 -0.55
0.15 9.68 -0.70
0.81 9.72 -0.67
0.46 9.79 -0.57
0.43 9.75 -0.44
0.67 9.76 -0.53
0.45 9.70 -0.48
0.33 9.69 -0.70
0.57 9.70 -0.56
0.28 9.76 -0.56
0.39 9.70 -0.58
0.49 9.71 -0.58
0.59 9.74 -0.63
0.19 9.76 -0.54
0.70 9.75 -0.59
0.30 9.74 -0.70
0.24 9.71 -0.69
0.01 9.77 -0.58
0.34 9.71 -0.53
0.41 9.75 -0.62
-0.15 9.73 -0.54
0.67 9.70 -0.54
0.67 9.78 -0.72
0.56 9.72 -0.76
0.28 9.71 -0.57
0.50 9.76 -0.43
0.58 9.74 -0.68
0.57 9.75 -0.69
0.14 9.82 -0.63
0.54 9.74 -0.53
0.50 9.71 -0.51
0.43 9.71 -0.66
0.37 9.71 -0.49
0.06 9.79 -0.52
0.21 9.79 -0.62
0.16 9.74 -0.74
0.44 9.73 -0.69
0.46 9.73 -0.80
0.16 9.69 -0.76
0.54 9.73 -0.70
0.41 9.69 -0.63
0.53 9.77 -0.62
0.50 9.74 -0.65
0.96 9.75 -0.63
0.48 9.75 -0.54
0.54 9.70 -0.61
0.67 9.76 -0.64
0.37 9.76 -0.55
0.49 9.73 -0.55
-0.08 9.78 -0.60
0.54 9.71 -0.65
0.25 9.71 -0.74
0.09 9.76 -0.74
0.66 9.70 -0.72
0.74 9.77 -0.76
0.04 9.71 -0.60
0.24 9.76 -0.58
0.30 9.78 -0.55
0.48 9.79 -0.45
0.34 9.70 -0.56
0.37 9.70 -0.63
0.59 9.74 -0.62
0.28 9.74 -0.66
0.49 9.74 -0.67
0.31 9.75 -0.73
0.28 9.71 -0.69
0.57 9.68 -0.81
0.10 9.78 -0.62
0.49 9.75 -0.62
0.05 9.78 -0.66
0.95 9.73 -0.67
0.44 9.73 -0.64
0.03 9.75 -0.75
0.54 9.71 -0.75
0.46 9.76 -0.65
0.28 9.78 -0.56
0.20 9.69 -0.58
0.46 9.70 -0.76
0.53 9.72 -0.68
1.06 9.74 -0.76
0.39 9.73 -0.66
0.25 9.76 -0.55
0.43 9.75 -0.56
0.68 9.71 -0.75
0.21 9.77 -0.71
0.09 9.70 -0.78
0.40 9.74 -0.59
0.34 9.80 -0.58
0.43 9.68 -0.62
0.39 9.71 -0.89
0.55 9.78 -0.63
0.34 9.75 -0.69
0.44 9.73 -0.62
0.29 9.77 -0.67
-0.03 9.77 -0.42
0.02 9.68 -0.64
0.13 9.76 -0.60
0.62 9.78 -0.55
-0.28 9.81 -0.73
0.17 9.81 -0.55
0.45 9.74 -0.56
0.33 9.74 -0.57
0.57 9.76 -0.61
0.55 9.72 -0.62
0.11 9.71 -0.66
0.60 9.76 -0.46
0.64 9.70 -0.55
0.31 9.71 -0.70
0.17 9.72 -0.51
0.48 9.77 -0.54
0.29 9.76 -0.44
0.41 9.66 -0.60
-0.18 9.79 -0.56
0.50 9.69 -0.63
0.70 9.75 -0.57
0.45 9.78 -0.72
0.67 9.75 -0.60
0.58 9.73 -0.59
0.16 9.73 -0.72
-0.17 9.80 -0.66
0.66 9.71 -0.62
0.55 9.73 -0.75
0.33 9.73 -0.49
0.81 9.72 -0.63
0.54 9.79 -0.67
0.61 9.78 -0.57
0.11 9.76 -0.58
0.43 9.73 -0.55
0.35 9.73 -0.56
0.69 9.74 -0.67
0.21 9.82 -0.52
0.54 9.58 -0.63
0.31 10.23 -0.87
0.26 9.25 -0.87
0.44 10.24 -0.81
0.58 9.42 -0.80
0.62 9.71 -0.37
0.66 10.04 -0.28
0.52 9.36 -0.37
0.84 10.09 -0.44
0.41 9.48 -0.68
0.48 9.86 -0.76
0.30 9.85 -0.70
0.18 9.53 -0.86
0.31 9.97 -0.90
0.27 9.46 -0.68
0.32 9.80 -0.86
0.32 9.78 -0.89
0.35 9.55 -0.50
0.44 9.97 -0.67
0.44 9.58 -0.37
0.47 9.83 -0.61
