0.41 9.75 -0.57
0.42 9.74 -0.58
0.39 9.73 -0.69
0.39 9.73 -0.62
0.41 9.72 -0.62
1.26 9.57 -1.72
-1.68 9.43 -4.66
-0.23 9.66 -2.22
1.12 9.70 0.42
-2.35 9.48 -1.93
-3.93 8.64 -8.42
0.63 10.49 1.42
-1.82 9.56 -2.52
-4.03 9.33 -5.29
-1.44 10.82 0.89
-0.25 9.58 -1.13
-2.66 10.19 1.71
-0.91 11.08 3.55
2.32 8.54 -5.83
3.45 10.66 6.87
0.98 9.54 0.05
0.35 9.47 -0.62
0.09 11.48 4.86
3.23 8.02 -11.22
0.53 9.88 1.12
1.28 9.44 1.38
-0.49 9.36 -1.12
-1.02 10.20 -1.83
-0.74 8.15 -11.30
0.55 10.38 0.73
1.81 10.47 3.75
2.99 9.84 2.59
2.91 11.18 4.96
-0.55 8.47 -6.05
-0.22 11.36 6.82
0.42 9.15 -2.77
1.96 9.71 1.77
4.73 10.12 4.10
1.97 9.01 -1.68
-0.26 10.43 0.01
-2.11 9.19 -4.87
-0.33 10.61 2.80
-0.01 9.51 -1.51
1.34 9.74 1.35
5.85 9.87 2.76
1.25 9.64 0.04
1.04 10.14 0.34
-1.73 9.36 -4.19
-1.02 10.28 0.66
-1.32 9.71 -3.58
2.38 10.09 2.27
-1.21 9.56 0.09
2.78 9.70 1.36
-1.73 9.32 -2.17
0.47 9.62 -1.97
-2.78 9.40 -5.55
-1.40 9.65 -3.94
-0.04 10.56 3.16
1.74 9.30 -0.84
2.39 9.75 1.68
6.23 10.03 3.46
2.47 9.74 0.43
1.45 10.34 1.23
-1.71 9.22 -4.69
-1.48 10.23 0.35
-0.81 9.27 -2.48
1.25 10.33 2.97
-0.12 9.77 0.88
3.16 9.67 1.59
-1.42 9.45 -0.62
-1.19 9.52 -2.07
-2.05 9.43 -5.60
-1.22 9.63 -3.95
-0.42 10.49 3.52
2.90 9.57 0.50
2.66 9.87 1.71
3.94 9.96 2.11
1.70 9.80 0.58
1.00 9.82 -0.92
-2.90 9.57 -3.88
0.20 9.44 -3.87
-1.40 9.50 -3.75
2.30 10.16 2.68
0.12 9.52 0.63
2.82 9.64 1.71
-0.19 9.95 1.81
-0.37 9.67 -0.60
-1.37 10.38 0.38
-1.97 9.37 -4.10
-3.29 10.55 2.95
0.95 9.19 -1.95
3.58 9.75 1.80
5.02 9.82 2.09
2.62 9.82 0.64
1.48 9.64 -1.19
1.09 9.55 -2.20
-4.01 9.58 -5.78
-0.45 9.72 -4.36
-0.16 10.60 3.98
0.62 9.70 -0.14
2.40 9.83 1.74
3.74 10.04 3.12
-0.62 9.66 -0.49
0.67 10.43 0.69
-1.55 9.42 -3.54
-3.54 9.50 -4.80
-1.26 9.61 -3.72
0.48 10.14 2.24
-0.25 9.69 0.14
1.99 9.77 1.54
-0.96 9.31 -1.72
2.10 9.48 -1.80
-3.47 9.71 -4.92
-2.36 9.28 -4.43
-1.89 10.22 1.34
-0.74 9.34 -2.05
1.61 9.93 2.08
3.24 9.97 2.00
2.50 9.78 0.83
-0.62 9.39 -2.70
0.57 9.60 -3.24
-1.48 9.35 -5.97
-1.70 9.79 -3.68
-0.06 10.52 3.42
3.25 9.55 -0.03
2.70 9.76 1.43
3.03 9.99 1.54
1.28 9.70 -0.38
0.53 10.32 0.19
-2.28 9.19 -4.96
-0.94 9.88 -0.66
1.79 9.27 -2.33
1.84 10.38 3.20
0.83 9.72 0.44
3.06 9.59 1.56
-0.90 9.69 0.65
0.12 9.56 -1.02
-2.18 10.09 -1.65
-1.39 9.47 -4.25
-1.22 10.44 3.35
1.62 9.39 -0.91
2.23 9.99 2.25
1.86 9.60 0.55
2.59 9.70 0.99
0.02 9.36 -2.18
1.83 9.49 -2.38
-3.98 9.45 -5.81
-1.70 9.82 -4.19
-0.95 10.50 3.43
1.28 9.62 -0.20
2.77 9.76 1.51
4.53 9.94 2.47
2.12 9.75 -0.23
0.41 10.19 -0.32
-2.32 9.37 -4.27
-2.62 9.76 -2.98
-1.89 9.56 -3.35
1.43 10.16 2.76
0.75 9.83 1.14
3.17 9.75 1.71
-0.17 9.21 -1.57
0.81 9.70 -0.69
0.06 10.27 -0.08
-1.53 9.23 -4.66
-0.72 10.22 2.45
1.15 9.09 -2.19
1.97 9.86 1.46
4.77 9.92 1.83
1.48 9.78 0.41
-1.50 9.60 -2.52
-0.18 9.54 -2.37
-0.95 9.53 -5.61
-0.56 9.44 -4.59
-0.89 10.57 3.33
3.21 9.45 -0.10
1.85 9.84 1.91
4.72 10.04 2.78
0.77 9.82 -0.20
0.74 10.38 1.49
-1.98 9.63 -3.92
0.60 9.32 -5.39
-1.08 9.51 -4.23
2.12 10.36 3.19
1.95 9.62 0.66
2.69 9.60 1.41
0.19 9.62 0.54
-1.39 9.74 -0.73
-1.56 10.10 -1.27
-2.57 9.30 -4.75
0.45 9.95 -0.27
-1.38 9.44 -2.53
2.58 10.04 2.45
1.38 9.59 0.86
2.83 9.71 1.13
-0.68 9.26 -2.27
-1.35 9.58 -2.89
-3.81 9.47 -6.31
-0.06 9.80 -3.86
-1.25 10.53 3.79
3.34 9.12 -1.37
2.93 9.96 2.08
4.07 9.93 2.27
2.78 9.71 0.30
1.84 10.06 -0.60
-1.49 9.40 -3.71
-3.51 9.45 -4.70
-1.50 9.58 -3.66
-0.10 10.58 3.82
1.97 9.56 -0.25
2.71 9.78 1.58
4.08 9.90 2.26
0.82 9.69 -0.40
-0.16 10.34 0.31
-3.04 9.22 -4.85
-1.62 10.14 1.07
-0.76 9.22 -2.43
1.43 10.24 2.86
0.24 9.60 0.66
3.36 9.67 1.50
-0.78 9.36 -1.41
-0.35 9.59 -1.90
-1.82 9.71 -4.53
-1.00 9.50 -4.89
-0.05 10.45 2.81
2.10 9.54 -0.47
2.34 9.79 1.47
2.87 9.83 1.70
3.02 9.79 1.31
-0.21 9.41 -2.57
-1.43 9.63 -3.29
-0.33 9.28 -6.38
-1.27 9.73 -3.92
1.71 10.50 3.26
3.14 9.63 0.18
2.05 9.62 1.42
6.71 10.33 4.19
1.75 9.91 0.36
0.38 10.28 0.75
-2.68 9.42 -4.33
-1.09 9.89 -1.71
0.24 9.23 -3.03
2.26 10.15 2.83
-0.02 9.53 0.18
2.66 9.66 1.52
-0.49 9.77 1.47
-1.00 9.62 -1.27
-0.73 10.17 -0.65
-1.72 9.22 -5.40
-1.25 10.33 2.59
2.33 9.12 -1.67
3.37 9.82 1.72
4.75 9.87 1.75
3.31 9.54 1.05
-2.86 9.34 -2.10
0.94 9.39 -2.41
-4.16 9.50 -6.30
-2.29 9.72 -4.56
-1.16 10.69 4.20
1.75 9.62 0.40
2.43 9.84 1.77
5.35 9.99 3.29
0.92 9.79 0.03
1.13 9.99 -0.70
-1.72 9.47 -3.68
-3.21 9.53 -4.86
-0.50 9.56 -3.99
0.82 10.15 2.89
0.66 9.54 0.29
2.61 9.50 1.17
1.62 9.26 0.17
-0.87 9.46 -2.00
-1.82 9.74 -3.91
-1.59 9.15 -4.49
-1.62 10.10 0.91
-2.61 9.38 -2.22
0.94 9.87 1.90
1.40 9.81 1.27
1.69 9.77 1.24
-2.61 9.31 -3.22
-0.86 9.65 -3.38
-1.78 9.21 -7.06
-0.67 9.17 -5.40
-0.84 10.47 3.00
2.27 9.50 -0.50
1.61 9.81 1.76
4.94 10.24 3.47
0.24 9.91 0.66
-0.28 10.17 0.15
-2.18 9.53 -4.35
-1.04 9.68 -3.02
-1.90 9.69 -4.37
1.47 10.51 2.88
2.06 9.80 0.87
2.24 9.67 1.79
0.81 9.82 0.99
0.59 9.63 -0.82
-0.91 10.40 0.33
-3.79 9.34 -4.89
0.16 10.19 2.87
-0.12 9.32 -3.25
1.73 10.17 2.87
1.61 9.47 0.60
3.35 9.67 1.36
-0.25 9.18 -2.16
-0.79 9.47 -2.46
-3.29 9.63 -5.20
-0.94 9.56 -4.62
-1.27 10.72 4.33
1.10 9.26 -1.74
2.24 9.90 1.80
4.05 9.78 2.02
2.13 9.89 0.73
0.30 9.73 -1.27
-1.56 9.52 -3.44
-3.15 9.71 -4.04
-1.32 9.83 -2.88
0.70 10.00 1.09
2.45 9.74 1.01
2.90 9.52 0.90
2.17 9.81 0.75
1.49 9.67 -0.81
0.32 9.88 -0.44
-0.66 9.81 -1.06
0.25 9.70 -1.18
-0.21 9.77 -0.67
0.08 9.69 -0.69
0.82 9.81 -0.58
0.67 9.69 -0.52
0.66 9.87 -0.52
0.50 9.74 -0.81
-0.11 9.73 -0.85
0.65 9.77 -0.63
0.40 9.70 -0.83
0.29 9.78 -0.48
0.28 9.74 -0.64
0.46 9.80 -0.58
0.59 9.65 -0.67
0.46 9.79 -0.87
0.15 9.70 -0.62
-0.10 9.82 -0.59
0.13 9.88 -0.88
0.50 9.78 -0.80
0.96 9.61 -1.04
0.37 9.77 -1.03
0.51 9.67 -0.80
0.39 9.65 -0.41
0.18 9.77 -0.56
0.45 9.70 -0.46
0.40 9.79 -0.37
-0.44 9.84 -0.64
0.24 9.75 -0.52
0.54 9.68 -0.53
0.22 9.73 -0.55
0.64 9.76 -0.55
0.59 9.74 -0.65
0.37 9.81 -0.78
0.65 9.62 -0.81
-0.04 9.70 -0.86
0.74 9.81 -0.44
0.64 9.68 -0.45
0.72 9.75 -0.63
-0.08 9.77 -0.63
-0.22 9.78 -0.67
0.69 9.63 -0.66
0.68 9.81 -0.55
0.04 9.78 -0.62
0.57 9.77 -0.54
0.52 9.76 -0.61
0.79 9.73 -0.56
0.58 9.73 -0.50
0.33 9.72 -0.70
0.78 9.66 -0.78
0.66 9.73 -0.50
0.23 9.77 -0.50
0.42 9.73 -0.66
0.63 9.72 -0.54
-0.10 9.77 -0.69
0.42 9.76 -0.74
0.36 9.73 -0.87
0.63 9.69 -0.69
0.50 9.72 -0.71
0.31 9.78 -0.55
0.02 9.71 -0.63
0.53 9.70 -0.44
0.35 9.74 -0.60
0.22 9.78 -0.75
0.40 9.75 -0.69
0.61 9.70 -0.47
0.34 9.73 -0.65
0.27 9.70 -0.68
0.39 9.73 -0.61
0.19 9.71 -0.79
0.42 9.82 -0.57
0.42 9.71 -0.82
0.91 9.74 -0.64
0.16 9.68 -0.54
0.24 9.79 -0.38
0.61 9.79 -0.58
-0.18 9.74 -0.76
0.33 9.73 -0.58
0.52 9.72 -0.73
0.46 9.71 -0.64
0.54 9.72 -0.73
0.41 9.74 -0.45
0.22 9.76 -0.54
0.20 9.75 -0.65
0.09 9.71 -0.74
0.15 9.80 -0.53
0.26 9.70 -0.56
0.31 9.78 -0.65
0.19 9.71 -0.68
0.13 9.75 -0.49
0.17 9.71 -0.58
0.66 9.72 -0.78
0.53 9.72 -0.68
0.73 9.76 -0.69
0.37 9.75 -0.75
0.23 9.70 -0.65
0.04 9.77 -0.66
0.48 9.75 -0.66
0.71 9.70 -0.68
0.56 9.77 -0.57
0.52 9.70 -0.66
0.48 9.70 -0.65
0.45 9.72 -0.57
0.57 9.73 -0.67
0.16 9.70 -0.79
0.12 9.78 -0.61
0.32 9.72 -0.66
0.27 9.73 -0.69
0.50 9.70 -0.60
0.12 9.68 -0.74
0.64 9.70 -0.57
-0.08 9.70 -0.72
0.47 9.77 -0.53
0.54 9.73 -0.64
0.39 9.75 -0.56
-0.28 9.83 -0.55
0.74 9.71 -0.50
0.21 9.77 -0.56
0.43 9.74 -0.56
0.40 9.77 -0.62
0.41 9.76 -0.70
0.14 9.81 -0.59
0.54 9.79 -0.61
0.30 9.76 -0.51
-0.03 9.72 -0.83
0.56 9.73 -0.74
0.23 9.76 -0.55
0.73 9.71 -0.58
0.38 9.73 -0.61
0.16 9.71 -0.63
0.56 9.73 -0.82
0.08 9.77 -0.74
0.26 9.77 -0.76
0.28 9.79 -0.69
0.52 9.74 -0.65
0.17 9.77 -0.74
0.04 9.72 -0.64
0.29 9.73 -0.52
0.49 9.75 -0.69
0.89 9.77 -0.66
0.61 9.67 -0.72
0.62 9.66 -0.72
0.64 9.76 -0.62
0.58 9.72 -0.64
0.41 9.76 -0.69
0.47 9.74 -0.64
0.21 9.77 -0.80
0.39 9.76 -0.69
0.69 9.76 -0.63
0.83 9.75 -0.73
0.21 9.72 -0.62
0.35 9.72 -0.75
-0.35 9.80 -0.51
0.28 9.73 -0.69
0.47 9.71 -0.61
0.57 9.73 -0.74
0.37 9.76 -0.73
0.66 9.80 -0.81
0.44 9.69 -0.66
0.36 9.72 -0.59
0.39 9.85 -0.57
0.33 9.74 -0.65
0.33 9.68 -0.60
0.16 9.78 -0.58
0.42 9.65 -0.75
0.00 9.81 -0.58
0.22 9.76 -0.61
0.64 9.70 -0.48
0.24 9.75 -0.53
0.75 9.70 -0.67
0.43 9.75 -0.43
0.44 9.73 -0.58
0.28 9.76 -0.65
0.37 9.74 -0.59
0.36 9.74 -0.68
0.59 9.65 -0.75
0.46 9.80 -0.64
0.40 9.71 -0.63
0.68 9.64 -0.50
0.58 9.56 -0.55
0.42 10.39 -0.84
-0.27 9.22 -0.59
0.03 10.19 -0.77
0.15 9.52 -1.00
0.38 9.69 -0.33
0.67 10.06 -0.37
0.28 9.35 -0.39
0.68 10.15 -0.63
0.48 9.47 -0.60
0.58 9.76 -0.50
0.56 10.01 -0.57
0.34 9.43 -0.82
0.45 9.99 -0.66
0.29 9.61 -0.44
0.27 9.74 -0.80
0.35 9.82 -0.84
0.29 9.53 -0.60
0.47 10.03 -0.61
0.32 9.52 -0.52
0.49 9.79 -0.55
0.42 9.91 -0.57
0.45 9.58 -0.45
