2.19 9.80 -1.26
3.31 9.80 0.08
-4.65 9.90 -3.03
-0.76 9.60 -2.96
-0.06 9.79 -0.80
2.41 10.11 1.52
0.30 9.52 0.18
3.44 9.67 1.19
-2.39 9.92 1.55
3.51 9.76 -0.03
-2.23 10.41 0.66
-8.99 9.17 -6.12
6.68 9.35 -2.67
-1.18 9.59 -3.43
3.53 10.14 2.73
1.00 9.84 1.44
6.49 9.03 0.23
2.19 9.83 2.06
-3.83 9.90 -2.88
0.66 10.33 -0.21
-2.98 9.98 -3.03
1.58 10.87 4.19
-1.15 9.55 -0.06
3.56 9.53 0.94
6.10 10.00 3.31
-0.35 10.11 -0.08
-0.40 10.12 -0.29
-1.16 9.41 -2.47
-3.16 9.96 -4.51
0.51 9.86 -3.04
-0.92 10.69 4.69
1.16 9.58 0.24
4.74 9.80 3.05
1.92 10.44 4.18
3.68 9.67 0.55
0.75 9.69 -1.33
-1.40 9.63 -2.86
-2.09 9.58 -4.30
-2.22 9.68 -3.50
-0.58 10.30 3.00
6.67 9.37 -0.78
0.40 9.85 -0.80
-3.13 9.83 -1.82
2.42 9.77 -2.43
-5.25 10.26 -0.36
-4.24 9.23 -5.48
-0.85 9.52 -4.04
-0.33 9.78 -1.66
4.31 10.27 3.51
2.28 9.44 -0.98
2.15 9.27 -0.97
3.92 9.75 1.28
-1.13 9.76 -0.17
-5.96 9.74 -3.34
-6.70 9.60 -3.61
-1.26 9.62 -2.65
-0.78 9.26 -2.48
3.74 9.54 0.49
1.28 9.25 -1.45
5.01 9.53 0.77
-7.54 9.36 -2.91
0.94 9.27 -2.52
-3.98 9.86 -4.03
-2.29 9.49 -3.87
4.34 10.31 2.11
1.55 9.51 -1.51
1.22 10.01 2.19
-0.27 9.79 1.89
-0.28 9.54 -0.18
-2.10 9.41 -2.91
-3.64 9.87 -4.21
-0.23 9.26 -6.80
0.87 9.42 -3.13
-0.79 10.44 3.68
0.85 9.48 -0.33
3.58 9.85 1.58
0.83 10.12 1.26
0.97 9.89 -0.29
0.20 9.39 -3.32
-0.12 9.52 -3.36
0.84 9.31 -4.99
0.62 9.38 -4.03
0.65 10.54 3.97
7.57 9.28 -0.84
0.75 9.71 -0.25
6.39 9.87 1.83
2.68 9.85 -0.99
1.24 10.65 1.98
-0.43 9.12 -4.51
-1.41 9.58 -2.45
-0.21 9.42 -2.44
2.84 10.11 4.12
0.53 9.59 0.55
-0.39 9.58 0.35
1.59 9.54 -0.40
0.49 9.81 -0.74
1.70 10.31 1.18
-3.08 9.12 -4.26
0.16 9.86 0.04
-0.56 9.32 -2.31
4.21 9.96 2.50
7.02 9.04 -0.81
1.84 10.02 1.38
-0.73 9.65 0.03
2.16 9.31 -1.77
-6.79 10.35 -0.50
-0.75 9.54 -2.18
1.56 10.62 6.24
1.55 9.60 1.74
1.40 9.79 1.51
6.97 9.27 0.02
-1.28 9.56 0.07
-1.93 9.13 -1.87
-3.88 9.43 -3.13
-1.85 9.88 -3.59
1.00 9.62 -4.66
0.53 10.62 3.51
-0.17 9.79 -0.95
4.44 9.71 1.44
3.11 9.85 2.24
3.90 9.69 1.26
-2.35 9.55 -0.96
1.17 9.20 -3.77
-3.56 9.51 -6.56
-0.30 9.73 -3.19
0.68 10.43 4.05
-0.30 9.68 0.11
0.98 9.90 1.92
5.96 10.11 3.04
3.13 9.73 0.14
3.96 9.66 -0.80
-2.84 9.37 -3.64
-1.80 9.28 -5.41
-1.40 9.50 -4.11
2.12 10.05 2.06
2.86 9.56 1.26
3.24 9.53 1.27
-1.44 10.19 1.73
-0.51 9.71 -1.10
-1.27 10.16 -0.46
-3.44 9.54 -3.70
-0.38 9.43 -3.51
-0.58 9.66 -1.90
2.49 10.11 2.47
-2.12 9.83 1.36
2.27 9.59 1.78
-1.80 10.41 3.04
-1.30 9.59 -0.92
1.63 10.35 1.70
-0.97 9.14 -4.53
-0.64 9.59 -1.39
-3.62 9.80 0.10
5.43 9.79 1.38
-2.16 10.30 1.45
1.73 9.68 0.26
3.85 9.80 1.40
2.04 9.80 -0.84
-3.33 10.02 -1.35
-0.46 9.01 -5.25
1.71 9.84 1.54
-0.53 9.76 0.16
3.27 9.85 1.70
8.18 10.20 3.71
-2.64 10.38 1.06
-3.09 9.90 0.03
2.64 9.42 -2.33
-1.26 10.13 -2.46
2.92 9.71 -3.22
-1.13 10.05 1.09
1.81 9.14 -1.05
2.62 9.60 -0.09
1.66 10.09 0.48
-0.63 10.02 -0.62
-1.46 10.15 0.73
3.40 9.45 -1.80
-2.78 9.95 -2.05
7.92 8.99 -1.85
1.41 9.56 -0.68
1.85 10.16 1.44
0.02 9.45 -1.24
0.06 9.48 -1.22
0.83 9.77 -0.36
0.01 9.63 -1.00
0.40 9.60 -1.44
-0.04 9.76 -1.60
-3.84 9.99 -1.87
2.91 9.61 -0.35
-1.59 10.15 1.98
-0.31 9.65 -0.10
-0.60 9.64 0.52
-1.54 10.56 4.22
0.81 10.14 1.48
1.63 10.31 2.40
-0.07 10.31 0.54
-3.44 9.96 -2.11
5.92 9.49 -0.92
4.16 9.26 -2.51
-0.85 9.60 -3.03
0.67 9.58 -0.75
0.50 9.62 -0.88
1.72 9.30 -1.68
3.03 9.45 -1.81
-2.31 10.06 -0.98
2.23 9.78 0.31
2.95 9.63 -0.39
-3.13 9.68 -2.02
2.85 9.47 -0.75
-2.33 9.95 -0.28
-2.75 10.00 0.19
0.96 9.93 1.22
-0.75 10.21 0.58
5.15 9.79 0.23
1.10 9.85 0.05
3.39 9.70 -1.26
-2.33 9.91 -0.36
-0.60 9.57 -0.81
1.92 9.35 -1.50
-0.29 9.41 -2.58
-0.21 9.57 -1.67
-0.97 9.73 -1.19
0.38 9.69 -1.45
-1.30 9.89 -1.03
2.19 9.84 0.13
0.10 9.78 -0.34
0.93 9.91 -0.84
-0.88 9.76 -1.30
1.85 9.63 -0.99
0.13 9.83 -0.34
0.98 9.58 -0.81
-0.19 9.74 -0.90
-1.79 9.89 -0.52
-0.74 9.89 -0.25
0.51 9.88 -0.81
1.24 9.79 -0.94
0.83 9.56 -1.08
-0.47 9.64 -1.17
-1.08 9.67 -0.71
0.38 9.57 -1.26
-0.64 9.83 -0.92
0.29 9.80 -0.72
-0.40 9.59 -1.44
-0.12 9.78 -0.53
-0.41 9.77 -0.85
0.03 9.90 -0.32
2.13 9.56 -0.68
0.62 9.77 -0.46
0.87 9.77 -0.42
0.60 9.69 -0.72
2.06 9.74 -0.41
1.54 9.71 -1.00
-2.18 9.88 -1.05
0.47 9.83 -0.57
0.40 9.69 -1.15
-0.49 9.88 -0.43
0.18 9.82 -0.48
0.46 9.88 -0.42
0.13 9.81 -0.78
-1.03 9.78 -0.99
0.43 9.80 -0.05
2.30 9.56 -0.84
0.13 9.73 -0.59
0.01 9.78 -0.23
-1.20 9.60 -0.89
