-1.02 9.28 -2.96
0.06 9.81 0.13
2.27 9.77 -0.24
3.44 9.73 0.76
2.52 9.66 0.73
0.82 9.56 -0.77
0.57 9.70 -2.37
-3.18 9.66 -3.44
0.92 9.93 -0.38
2.49 9.93 0.43
1.91 9.94 1.64
0.97 9.49 -0.33
0.47 9.67 -1.34
-3.72 9.35 -4.06
-1.74 9.46 -2.57
-4.81 10.14 -2.31
-1.25 9.51 -2.95
2.35 10.11 2.18
0.10 9.69 -0.79
2.90 9.89 1.27
3.13 9.93 1.68
1.06 9.41 -1.83
2.23 9.84 -1.64
-2.35 9.34 -4.21
-1.09 9.74 -2.38
-0.62 9.66 -1.40
0.95 10.04 2.11
1.98 9.61 0.64
2.06 9.69 1.24
-4.28 9.50 -2.05
-0.07 9.10 -4.34
-4.34 9.89 -3.48
2.17 9.53 -2.80
0.02 9.83 1.42
3.85 9.56 0.45
3.65 9.89 2.30
3.01 9.55 0.93
-0.84 9.62 -1.29
-1.23 9.59 -2.75
-3.04 9.84 -3.09
-1.23 9.77 -2.44
2.55 9.45 -1.28
1.74 9.91 2.55
1.90 9.56 0.36
1.91 9.77 0.97
2.79 9.94 0.97
-0.98 9.51 -3.07
1.13 10.36 -0.27
-3.54 9.84 -3.21
-1.55 10.20 1.25
2.09 9.70 -0.35
-0.43 9.95 1.56
2.70 9.50 0.47
0.89 9.78 0.80
3.79 9.85 0.98
-0.69 9.36 -2.92
-0.57 9.97 -2.15
-0.89 9.43 -3.10
0.04 10.15 2.54
0.37 9.80 0.42
5.18 9.77 2.55
4.12 10.03 2.60
2.12 9.66 0.79
0.68 9.52 -2.02
0.17 9.69 -2.73
-2.39 9.92 -2.20
-1.01 9.71 -1.62
1.37 9.98 1.09
0.90 9.84 -0.18
2.61 9.70 0.79
1.45 10.05 2.05
1.21 9.54 -0.64
-2.01 9.52 -3.11
-1.21 9.64 -2.62
-1.08 9.65 -2.76
-0.85 9.64 -2.43
-0.03 9.75 0.56
4.38 9.71 1.19
1.47 9.69 0.75
2.20 9.80 -0.52
-0.28 9.60 -2.09
-1.77 10.17 -0.72
-4.81 9.74 -2.78
-0.08 9.30 -3.85
0.38 9.48 -2.37
1.97 9.88 1.28
0.86 9.74 0.97
2.16 9.54 0.59
1.17 9.79 -0.05
-1.05 9.67 -2.00
-1.02 9.85 -1.74
-1.56 9.59 -2.71
-0.85 9.56 -2.52
-1.67 9.70 -0.73
1.91 10.03 1.76
3.27 9.60 0.07
2.29 9.73 0.54
-0.68 9.76 -1.40
-0.66 9.92 -1.57
-5.01 10.34 -1.45
0.43 9.57 -1.97
-2.13 9.76 -1.40
-0.53 9.47 -1.69
1.37 10.13 2.73
1.42 9.67 0.48
2.55 9.63 0.55
-3.16 9.84 -1.07
-2.48 9.61 -3.05
-2.69 9.69 -2.80
-0.22 9.44 -3.12
0.95 10.23 2.36
3.20 9.68 0.16
1.30 10.02 1.47
-1.92 10.42 3.48
2.57 9.63 0.21
-0.50 9.39 -2.14
-1.82 9.46 -3.36
-1.98 9.77 -3.24
-0.39 9.71 -1.66
1.53 9.73 0.21
-0.23 9.64 0.24
3.14 9.58 1.00
0.25 9.75 0.12
3.25 9.64 -0.56
-1.45 9.58 -2.75
-0.15 9.60 -3.25
-4.50 9.90 -3.62
-0.55 9.79 -1.95
2.03 9.94 1.40
1.23 9.83 0.07
0.15 10.02 1.43
2.43 9.64 0.12
1.42 9.88 0.12
1.17 9.31 -3.14
-3.94 9.65 -3.78
0.01 9.34 -4.59
0.09 9.66 -2.24
1.17 10.11 1.42
3.90 9.77 1.52
0.45 9.61 0.89
5.32 9.74 1.49
1.59 9.85 -0.68
-1.70 9.41 -3.66
-1.68 9.62 -2.91
-0.39 9.47 -3.27
-1.90 9.87 -1.94
2.64 10.13 2.52
2.09 9.67 1.09
0.62 9.65 0.86
3.90 9.89 2.01
4.11 9.78 -0.24
-0.10 9.32 -3.47
-2.37 9.56 -3.24
-1.23 9.41 -4.65
0.29 9.55 -1.85
2.15 9.85 1.62
4.36 9.70 0.93
2.36 9.94 1.78
1.46 10.10 0.63
1.27 9.87 -0.38
-1.26 9.92 -1.40
-3.36 9.88 -2.03
0.89 9.26 -4.22
-1.17 9.74 -2.27
0.98 10.11 1.49
4.63 9.46 -0.29
2.79 9.70 1.00
-1.88 9.79 -0.62
-0.05 9.65 -1.62
0.41 9.91 -0.26
-0.22 9.43 -1.90
-0.66 9.58 -2.07
-0.01 9.93 -1.51
3.35 10.33 3.66
3.49 9.67 1.02
0.60 9.82 1.06
-2.73 9.76 -0.29
0.69 9.43 -1.98
0.03 10.13 0.13
-0.56 9.31 -2.94
1.11 9.64 -1.61
-0.82 9.95 -0.49
4.26 9.68 0.62
0.07 9.74 -0.49
2.56 9.56 0.41
0.51 9.63 -1.66
0.16 9.64 -2.32
-1.12 10.10 -0.20
-2.49 9.64 -3.00
-0.31 9.85 -0.54
1.14 9.44 -1.08
-0.16 10.09 2.57
1.80 9.33 -0.81
0.30 9.81 0.01
-1.17 9.66 -1.86
-1.75 9.71 -2.26
-1.44 10.13 -0.27
-0.69 9.77 -1.17
2.20 9.76 -0.33
-0.20 9.57 -1.84
2.90 10.13 2.35
1.63 9.30 -0.35
1.68 9.35 0.07
-2.84 9.77 -0.95
-3.45 9.86 -2.20
-0.31 9.80 -2.51
-1.84 9.68 -2.42
0.08 9.81 0.36
0.96 9.29 -1.45
4.24 9.50 0.77
4.16 9.71 0.56
0.24 9.76 -0.89
2.16 9.69 -0.87
-1.01 9.59 -2.42
-3.39 10.03 -2.01
-0.38 9.58 -2.40
1.08 9.82 0.71
-1.13 9.46 -1.75
-0.44 9.53 1.07
1.88 9.28 -0.67
1.26 9.75 0.30
-3.35 9.58 -1.99
-2.13 9.80 -2.10
-3.45 9.86 -2.57
1.47 9.69 -1.26
-2.57 10.14 1.17
0.95 9.44 -0.29
1.93 9.80 0.84
2.86 9.54 -0.78
-0.31 9.73 -0.52
-2.04 9.43 -2.68
-1.72 9.52 -3.67
-2.55 9.50 -4.37
-2.13 10.01 -2.25
2.21 9.99 1.77
-0.27 9.53 -0.25
4.80 9.97 2.03
1.30 9.63 0.31
0.92 9.66 -0.04
0.67 9.35 -1.70
-1.98 9.57 -2.83
-5.65 9.78 -3.39
-0.37 9.79 -2.08
1.58 9.92 1.58
0.07 9.50 -0.04
2.82 9.45 0.08
1.99 10.05 0.87
0.81 9.56 0.07
-0.07 9.47 -3.02
-1.12 9.62 -3.04
-3.73 9.44 -4.29
1.28 9.76 -1.09
-1.50 10.12 1.88
4.15 9.44 0.73
1.23 9.58 0.65
2.41 9.84 1.12
-0.39 9.86 -0.40
0.79 9.45 -2.82
-5.83 9.87 -3.10
-2.19 9.48 -3.97
-1.57 9.95 -1.52
0.61 10.05 1.16
3.11 9.50 0.01
3.50 9.54 0.51
3.01 9.83 1.67
-0.55 9.47 -2.49
-1.61 9.96 -2.39
-0.91 9.21 -4.64
-0.22 9.69 -2.79
2.04 9.75 -1.94
0.45 10.03 1.20
0.32 9.65 0.13
2.70 9.64 0.93
1.70 9.74 0.36
-2.67 9.89 -1.23
-2.38 10.16 0.24
-2.39 9.69 -2.84
-1.38 9.59 -3.07
-0.86 9.71 -1.76
1.73 10.01 2.14
0.94 9.86 1.05
1.85 9.60 0.88
0.59 9.85 0.86
-2.23 9.58 -2.48
-0.46 9.98 -1.18
-0.95 9.60 -2.86
-1.23 9.80 -1.25
2.59 9.76 -0.34
3.54 9.78 0.18
2.58 9.61 -0.97
-1.77 9.55 -1.81
2.51 9.66 -0.83
0.17 9.90 -0.14
-1.78 9.97 -0.13
1.35 9.70 -0.51
0.32 9.71 0.13
-0.12 9.75 -0.56
1.02 9.83 0.02
3.07 9.62 -0.53
-1.83 9.94 -0.63
-0.98 9.60 -1.87
2.43 9.68 -1.02
1.19 9.87 -0.13
0.14 9.75 -1.24
-0.12 9.71 -1.02
0.56 9.77 -0.71
-0.89 9.75 -0.61
0.65 9.94 0.18
0.45 9.72 -0.74
0.52 9.57 -0.73
-1.05 9.81 -0.67
-0.01 9.83 -0.00
0.83 9.71 -1.05
-1.21 9.87 -0.89
1.20 9.87 -0.39
1.04 9.84 0.63
0.12 9.94 -0.11
-0.67 9.88 -0.31
0.80 9.58 -0.56
0.59 9.71 -0.57
-1.49 9.69 -1.45
0.16 9.76 -0.37
-0.68 9.70 -0.81
-0.27 9.62 -1.33
0.26 9.47 -0.89
0.62 9.66 -0.69
0.26 9.73 -0.57
-0.23 9.88 -0.20
1.30 9.97 -0.34
-1.02 9.93 -0.81
1.98 9.84 -0.88
0.85 9.88 -0.32
0.70 9.82 0.45
-0.10 9.85 -0.22
1.73 9.63 -0.30
1.23 9.68 0.07
1.08 9.82 0.13
0.29 9.76 -1.10
1.72 9.51 -1.63
-1.82 9.78 -1.15
0.07 9.80 -0.56
0.79 9.62 -0.89
0.21 9.81 -0.57
0.88 9.58 -0.93
0.70 9.79 -0.25
-1.31 9.70 -0.90
0.62 9.52 -1.26
1.72 9.77 -0.39
1.01 9.71 -0.72
0.73 9.81 -0.41
0.30 9.77 -0.68
-0.45 9.79 -0.96
-0.20 9.66 -1.04
1.12 9.74 -0.71
1.03 9.68 -1.19
1.12 9.84 -0.80
1.37 9.85 -0.55
-0.64 9.87 -0.91
0.86 9.75 -0.58
-0.30 9.68 -0.84
0.56 9.57 -0.72
0.44 9.70 -0.68
-0.30 9.83 -0.95
0.05 9.83 -0.21
0.78 9.77 -0.23
-0.14 9.78 -0.68
0.51 9.72 -1.09
1.63 9.85 -0.42
-1.21 9.93 -0.47
1.47 9.71 -0.35
-0.50 9.60 -0.98
0.45 9.72 -0.53
0.32 9.48 -1.61
1.23 9.68 -0.91
0.60 9.80 -0.58
0.15 9.70 -1.13
2.04 9.73 -0.89
-0.54 9.87 -0.47
0.26 9.67 -0.75
1.38 9.85 -0.43
-0.37 9.80 -1.06
-0.04 9.91 -0.92
0.49 9.70 -1.06
-0.86 9.74 -0.85
-0.14 9.68 -0.98
-0.09 9.74 -0.67
0.35 9.93 -0.67
-0.10 9.75 -0.71
0.28 9.80 -0.73
0.07 9.87 -0.05
1.06 9.76 -0.61
-0.40 9.63 -0.94
0.95 9.75 -0.28
-1.19 9.88 -0.83
-1.28 9.78 -0.49
-0.88 9.90 -0.12
0.72 9.79 -0.16
1.93 9.57 -0.72
2.16 9.75 -0.77
-0.26 9.90 -0.28
-0.75 9.81 -1.05
-1.41 9.82 -1.21
1.51 9.60 -0.73
-1.26 9.80 -0.51
-0.00 9.74 -0.91
1.39 9.59 -0.40
1.94 9.72 -0.82
-1.42 9.78 -0.63
0.01 9.98 0.14
-0.99 9.87 -0.73
-0.25 9.81 -0.82
0.54 9.79 -0.37
0.57 9.78 -0.46
1.04 9.62 -0.62
0.04 9.67 -0.41
0.96 9.89 -0.30
-0.99 9.65 -1.04
0.09 9.82 -0.24
0.91 9.73 -0.57
-0.38 9.74 -1.43
-0.17 9.60 -1.45
-0.51 9.70 -1.72
-0.62 9.74 -1.42
-0.11 9.73 -0.87
0.31 9.74 0.09
0.89 9.75 0.05
0.01 9.91 -0.03
1.22 9.71 -0.63
0.83 9.87 -0.17
0.05 9.87 0.02
0.12 9.78 -0.43
0.55 9.79 -0.42
-1.60 9.94 -0.95
-1.67 9.60 -1.40
0.96 9.68 -1.03
0.14 9.70 -0.41
1.52 9.69 -0.34
1.14 9.54 -0.67
1.28 9.80 0.06
1.52 9.73 -0.91
-0.15 9.77 -0.81
-0.15 9.78 -0.60
-0.28 9.69 -1.02
0.29 9.71 -0.69
1.74 9.63 -0.63
0.80 9.61 -0.69
0.56 9.71 -0.27
0.60 9.54 -1.13
0.53 9.73 -0.61
0.06 9.79 -1.11
0.48 9.76 -0.59
-0.88 9.70 -1.57
-0.19 9.83 -0.19
-0.10 9.70 -1.08
0.33 9.82 -0.42
-1.69 9.70 -2.08
1.46 9.78 -0.12
0.64 9.75 -0.42
-0.01 9.73 -0.77
0.61 9.85 -0.24
-1.17 9.85 -0.03
1.02 9.72 -0.09
-0.03 9.66 -0.84
0.83 9.70 -0.81
0.72 9.71 -0.79
1.06 9.61 -0.97
-0.17 9.84 0.28
-1.34 9.68 -1.17
1.44 9.54 -0.53
0.39 9.81 -0.35
0.20 9.80 -0.39
-0.31 9.81 -1.04
0.95 9.42 -0.37
1.32 10.19 -0.53
0.42 9.37 -0.33
0.36 10.16 -0.19
0.30 9.71 -0.50
0.45 9.51 -0.61
0.54 10.08 -0.82
0.36 9.39 -0.72
0.40 9.88 -0.63
0.30 9.73 -0.91
0.18 9.46 -0.90
0.43 10.04 -0.61
0.29 9.48 -0.45
0.44 9.94 -0.80
0.36 9.68 -0.49
0.36 9.66 -0.47
0.44 10.02 -0.67
0.42 9.49 -0.57
0.47 9.91 -0.65
0.35 9.68 -0.51
0.36 9.63 -0.61
0.43 9.88 -0.78
0.33 9.56 -0.53
0.42 9.90 -0.62
0.27 9.64 -0.56
0.34 9.74 -0.54
0.47 9.85 -0.68
0.31 9.65 -0.50
0.43 9.82 -0.64
0.34 9.66 -0.57
0.47 9.71 -0.58
0.44 9.81 -0.58
0.37 9.67 -0.53
0.45 9.88 -0.62
0.33 9.63 -0.50
0.38 9.79 -0.67
0.35 9.75 -0.58
0.38 9.70 -0.54
0.40 9.74 -0.83
-0.36 9.62 -0.65
-0.27 9.93 -0.77
0.29 9.66 -0.60
0.55 9.72 -0.53
0.59 9.74 -0.64
0.37 9.62 -0.63
0.32 9.88 -0.61
0.43 9.61 -0.57
0.49 9.76 -0.58
0.39 9.76 -0.55
0.41 9.66 -0.64
0.43 9.86 -0.63
0.33 9.67 -0.60
0.38 9.81 -0.61
0.39 9.71 -0.64
0.38 9.70 -0.65
0.43 9.82 -0.61
0.34 9.64 -0.72
