0.06 9.45 0.76
1.85 10.11 2.95
1.69 10.23 1.28
-1.11 9.42 -3.07
-4.71 9.71 -4.58
-2.24 9.62 -3.61
0.37 10.14 0.66
1.71 9.59 0.39
2.47 9.65 0.89
-3.37 9.51 -1.50
0.60 9.45 -2.23
-4.87 9.43 -5.40
-0.15 9.81 -2.39
-0.96 10.40 3.09
1.22 9.69 -0.23
1.50 9.93 1.33
3.89 9.93 2.17
1.07 9.57 -0.70
0.65 10.10 0.25
-3.30 9.27 -3.94
-0.48 10.31 1.68
2.41 9.34 -1.14
0.70 9.98 1.40
2.57 9.43 -0.30
3.71 9.80 0.93
-1.06 9.57 -0.44
-0.04 9.37 -2.42
-1.69 9.55 -4.28
-0.84 9.66 -3.73
-0.59 10.29 2.16
0.92 9.82 0.46
3.48 9.71 1.22
3.13 10.27 2.51
0.97 9.86 -0.15
1.39 10.10 0.60
-2.18 9.35 -3.58
-1.89 9.66 -1.28
-0.23 9.56 -2.05
0.66 10.00 0.76
0.92 9.56 0.48
2.31 9.53 0.66
-1.05 9.86 0.26
2.57 9.44 -1.23
-4.19 10.27 -1.52
-2.31 9.71 -3.60
2.35 9.93 0.89
1.34 9.69 0.33
1.57 9.64 -0.57
-0.40 9.98 0.24
0.86 9.99 -0.05
1.16 9.27 -2.35
-1.32 9.49 -3.84
-1.74 9.84 -4.22
-2.65 9.85 -3.15
0.02 10.36 2.34
3.29 9.66 0.70
2.62 10.06 1.93
4.48 10.28 4.19
-1.26 9.81 -0.61
-3.34 9.70 -2.41
-1.91 9.43 -3.22
1.38 9.36 -4.52
-1.32 9.54 -3.88
1.15 10.07 2.17
0.74 9.78 0.04
1.22 9.77 0.91
2.53 10.15 1.98
-0.38 9.53 -2.01
-2.44 9.80 -1.50
1.48 9.28 -3.28
0.73 9.66 -2.66
-0.94 9.36 -3.04
-1.77 10.14 1.14
2.53 9.52 -0.52
0.90 9.62 0.45
0.85 9.77 0.01
-1.77 9.73 -1.57
-1.45 9.96 -1.73
-2.94 9.46 -3.77
-2.26 10.01 -1.57
-0.50 9.62 -1.59
0.66 10.07 1.85
2.01 9.74 0.65
3.36 9.84 1.84
0.61 9.64 -0.98
-0.05 9.57 -2.86
0.21 9.53 -4.23
-2.64 9.57 -3.50
-1.54 10.18 1.91
-1.90 9.61 -0.45
2.59 9.89 1.74
2.33 9.94 0.51
1.02 9.76 0.37
-0.65 9.31 -3.14
-0.90 9.71 -2.94
-4.40 9.63 -4.94
-3.16 9.82 -3.79
-0.35 9.91 0.78
0.28 9.52 -0.87
1.55 9.78 -0.12
2.96 9.94 1.36
1.98 9.54 -0.69
0.66 9.36 -2.66
1.22 9.52 -2.36
-1.55 9.39 -4.55
0.47 9.74 -2.05
-0.07 9.99 1.95
2.55 9.55 0.25
0.80 9.75 0.68
2.88 10.04 1.44
0.52 9.73 -0.87
-0.21 9.76 -1.90
-2.55 9.62 -3.02
-0.17 9.66 -2.52
-1.35 9.80 -1.12
1.06 9.77 1.51
3.39 9.86 2.16
-0.49 9.78 0.52
3.95 9.94 1.58
1.86 9.57 -0.66
1.94 9.83 -0.91
-0.77 9.46 -3.39
-1.07 9.57 -2.15
-1.40 9.55 -1.56
1.62 9.73 1.21
-0.31 9.56 -0.45
1.12 9.75 1.23
1.70 9.82 1.57
0.08 9.59 -0.78
0.89 9.92 -0.54
-3.33 9.80 -2.07
-1.77 9.81 -1.08
1.21 9.50 -1.74
-0.27 10.12 0.31
0.37 9.61 -0.60
2.81 9.76 0.94
4.10 9.64 1.73
0.41 9.43 -2.06
-1.49 10.12 -1.34
0.71 9.50 -2.86
-3.67 10.18 0.58
-0.13 9.46 -1.62
1.91 9.79 1.58
2.98 9.56 -0.09
2.87 9.78 0.79
-2.79 9.64 -2.17
-0.10 10.06 0.19
-2.08 9.99 -1.48
-1.34 9.59 -3.69
-2.88 10.23 0.89
3.14 9.50 -0.67
2.01 9.81 0.65
3.74 9.85 2.10
3.13 9.58 1.18
0.28 9.47 -1.42
-1.43 9.85 -1.91
0.69 9.57 -3.74
0.05 9.52 -3.62
1.12 10.26 2.44
0.94 9.60 0.61
4.03 9.66 1.13
4.69 10.02 1.69
3.63 9.80 0.29
-0.53 9.99 -0.17
0.60 9.64 -1.52
-3.62 9.71 -3.67
-1.81 9.71 -2.94
0.22 10.38 3.10
0.24 9.44 -0.59
1.69 9.73 0.66
0.27 9.90 0.77
0.67 9.84 -0.74
3.93 9.76 -0.84
-3.39 9.44 -4.14
-5.11 9.47 -5.36
1.25 9.77 -2.78
1.92 10.44 3.76
1.86 9.72 1.46
4.47 9.51 1.82
3.91 10.28 4.34
-4.21 9.88 -1.68
4.08 9.85 0.15
-2.81 9.42 -4.16
-2.54 9.45 -4.39
-1.62 9.36 -3.54
2.04 9.89 1.60
3.11 9.20 -0.92
3.48 9.54 1.27
2.48 9.96 2.03
-0.70 9.93 0.39
-0.68 10.34 0.56
-3.72 9.31 -4.31
-0.72 9.99 0.56
-1.80 9.42 -2.59
2.38 10.00 2.48
0.91 9.54 0.43
1.50 9.81 1.21
-2.42 9.59 -0.40
-1.10 9.76 -1.16
-1.06 10.00 -0.73
-0.41 9.46 -3.13
0.59 10.15 2.29
1.05 9.62 -1.87
0.09 10.09 1.69
2.90 9.37 -0.20
2.35 9.67 0.97
2.11 9.23 -0.84
0.79 9.55 -1.44
-2.07 10.05 -1.71
-1.48 9.75 -2.81
0.28 10.07 2.10
-4.43 9.69 -1.18
3.45 9.95 2.18
-0.31 9.58 -0.03
3.12 9.78 1.13
-2.66 9.41 -1.92
2.11 9.56 -1.50
-4.06 9.93 -3.22
-3.21 9.72 -4.12
0.50 10.30 2.18
2.29 9.77 0.45
3.26 9.88 1.67
5.05 9.74 1.72
4.17 9.45 -0.96
-0.37 9.47 -1.52
-0.37 9.61 -3.13
-2.97 9.57 -4.29
0.90 9.77 -2.49
0.32 10.12 1.70
4.54 9.72 0.73
2.24 9.66 0.82
2.85 9.90 1.65
-0.45 10.05 0.52
-0.41 9.53 -2.86
-0.67 9.81 -2.12
-2.07 9.42 -5.09
-2.56 9.89 -2.63
-0.93 10.20 1.79
1.67 9.47 -0.06
3.41 9.68 0.54
1.60 10.21 3.45
0.57 9.67 0.40
-0.44 9.71 -1.70
-1.30 9.54 -3.57
0.39 9.28 -4.23
-1.96 9.65 -2.76
0.64 10.02 1.38
-1.25 9.85 0.63
0.94 9.75 1.00
2.73 10.17 3.28
2.77 9.57 -0.75
0.41 9.92 -0.68
-2.60 9.59 -2.45
2.66 9.56 -2.13
-0.56 9.68 -1.63
2.32 10.03 1.80
0.29 9.63 -0.15
1.49 9.65 0.82
1.89 10.04 0.85
0.54 10.03 0.89
1.30 10.27 1.55
-6.06 9.70 -3.32
-0.86 9.39 -2.56
0.77 9.60 -0.20
3.61 9.98 1.91
-1.70 10.04 1.23
3.48 9.68 0.55
7.20 9.86 2.43
2.08 9.53 -2.09
5.79 10.39 2.13
-1.66 9.47 -3.40
-0.99 9.74 -0.80
1.10 9.34 -0.81
-1.44 10.07 1.25
2.63 9.62 0.43
4.32 9.89 1.90
3.42 9.99 1.43
-1.19 9.86 -0.99
-0.04 10.01 -0.70
-1.33 9.44 -3.40
-0.45 9.83 0.63
-0.69 9.51 -0.61
3.62 9.50 0.08
3.07 9.55 1.23
1.56 9.64 -0.33
0.56 9.73 -1.13
1.21 9.77 -1.11
0.34 9.95 -1.07
-0.79 9.81 -1.53
-1.08 9.76 -0.19
2.83 9.91 0.75
-1.41 9.73 -0.54
1.87 9.62 -1.11
1.84 9.89 0.14
0.04 9.79 -0.78
0.51 9.82 -0.71
0.10 9.74 -0.36
-0.11 9.65 -1.17
-0.23 9.77 -1.04
0.68 9.69 -1.34
2.03 9.77 -0.48
1.31 9.85 -0.14
0.52 9.72 -0.79
-0.46 9.69 -1.18
0.70 9.90 0.32
0.28 9.69 -0.77
0.96 9.73 -0.20
0.64 9.44 -0.73
0.44 9.66 -0.55
-1.19 9.69 -1.28
2.18 9.70 -0.67
1.11 9.58 -1.06
-0.43 9.69 -1.29
0.49 9.95 -0.22
2.22 9.80 -0.00
-1.39 9.74 -1.19
0.51 9.73 -0.45
-0.80 9.67 -0.87
2.06 9.77 -0.42
0.61 9.69 -0.92
-2.91 9.94 -1.00
-0.66 9.85 -0.29
0.08 9.81 -0.89
0.52 9.78 -0.69
-1.57 9.92 -0.68
0.27 9.60 -0.86
0.66 9.71 -0.63
1.48 9.77 -0.14
1.63 9.68 -0.50
-0.87 9.63 -0.59
-0.48 9.80 -0.02
3.44 9.66 0.40
0.19 9.70 -1.16
-0.19 9.79 -0.54
1.51 9.63 -0.45
-0.99 9.78 -0.92
0.83 9.80 -0.67
0.38 9.70 -0.54
0.61 9.62 -1.04
0.29 9.66 -0.83
1.36 9.63 -0.25
-1.66 9.85 -0.18
2.09 9.66 -0.25
2.36 9.60 -0.85
-1.25 9.86 -0.93
1.80 9.72 -0.58
-0.62 9.81 -0.66
4.48 9.61 -0.66
2.73 9.63 -0.31
-0.40 9.73 -0.50
1.92 9.71 -0.70
0.11 9.67 -1.02
1.28 9.68 -0.93
-1.97 9.85 -1.29
2.16 9.75 -0.26
-4.19 9.80 -1.45
3.65 9.68 0.38
0.00 9.64 -1.14
-1.76 9.77 -0.34
2.07 9.58 -0.47
-2.19 9.77 -0.59
3.59 9.72 0.35
-0.56 9.44 -1.24
-4.93 10.17 -0.01
