-0.50 8.66 -6.14
1.05 10.05 1.25
4.65 10.19 3.95
2.67 9.61 1.64
4.59 10.58 2.82
-0.20 8.82 -4.34
-2.05 10.44 2.07
-1.18 9.50 -3.04
-1.10 9.92 0.17
4.83 9.84 1.69
2.23 9.38 0.65
3.09 10.43 2.54
-2.39 9.35 -4.26
-0.77 9.79 -3.66
-1.90 9.64 -2.94
-0.38 10.10 1.76
2.42 9.48 -0.47
2.47 9.56 0.48
1.77 9.40 -1.52
1.36 9.38 -2.78
-3.90 9.74 -4.29
-1.22 9.79 -2.79
-2.75 10.34 1.59
1.99 9.70 -1.23
2.80 9.95 1.46
0.54 10.17 1.51
1.84 10.00 1.40
1.97 9.84 -0.20
-2.62 9.52 -2.55
-2.88 9.52 -4.36
0.50 9.40 -2.92
0.09 9.97 1.62
3.95 9.74 0.88
0.90 9.72 0.57
1.94 10.03 0.33
4.51 9.46 0.78
3.85 9.89 0.85
-5.55 9.53 -3.59
-0.28 9.40 -2.25
-4.56 9.78 -1.86
1.71 9.93 1.06
0.29 9.69 0.63
1.91 9.37 0.56
-0.00 9.82 -0.54
3.31 9.80 -0.76
-2.01 9.93 -1.90
-1.29 9.49 -3.03
-0.65 10.48 3.09
0.21 9.22 -2.24
-3.92 10.00 0.10
5.31 9.82 1.12
1.09 9.71 1.42
-1.12 9.54 -1.77
-1.07 9.87 -1.33
-1.65 9.64 -4.05
3.51 9.73 -2.75
-0.93 10.56 3.22
2.69 9.28 -0.57
-3.64 9.98 0.57
3.97 9.77 1.01
-6.72 10.08 -0.46
-4.26 9.57 -4.39
1.32 9.01 -5.42
0.85 9.30 -6.36
1.06 9.74 -1.97
2.26 10.23 2.76
2.60 9.92 1.75
2.29 9.94 2.13
1.53 10.10 3.13
1.85 9.75 0.37
-1.53 9.86 -1.15
-1.49 9.44 -3.99
1.62 9.15 -4.66
0.05 9.63 -2.10
1.91 10.06 2.50
0.66 9.51 -0.02
-0.05 9.70 0.86
1.00 9.88 1.56
-1.01 9.82 -0.76
1.37 10.10 0.37
-2.51 9.72 -2.49
-2.68 9.76 -2.64
-0.97 9.47 -2.97
0.86 9.69 1.24
0.18 9.57 0.24
2.31 9.67 1.18
0.19 9.27 -0.96
-0.58 9.96 0.27
-1.11 10.03 -1.72
-3.57 9.32 -4.22
-0.01 9.82 -0.88
-2.20 9.45 -2.07
2.09 9.80 2.00
0.24 9.75 -0.04
2.48 9.83 1.13
-3.16 9.70 -1.66
-2.78 9.88 -1.23
-4.53 9.74 -4.01
-0.39 9.79 -2.80
2.74 9.90 1.57
-0.41 9.36 -2.93
2.62 9.78 0.26
5.83 9.93 2.37
2.21 9.71 -0.75
0.20 9.43 -2.68
-2.70 9.36 -4.29
-3.71 9.52 -4.83
1.65 9.52 -3.22
1.76 10.13 2.62
2.24 9.52 -0.28
2.89 9.54 0.34
2.41 9.82 0.69
1.51 9.44 -0.81
0.84 9.56 -2.69
-2.32 9.87 -2.25
-0.69 9.25 -4.88
-4.53 10.25 -2.19
-0.17 10.23 2.03
-1.57 9.69 -1.06
-0.47 9.90 0.23
3.43 10.07 1.97
2.22 9.64 -0.21
0.22 9.84 -1.93
-1.94 9.54 -3.03
-2.62 9.44 -4.79
-0.06 9.55 -2.78
1.86 9.92 2.66
0.42 9.67 0.48
2.77 9.59 0.50
2.20 10.31 3.41
0.89 9.57 -0.28
-2.69 10.14 -0.73
-1.18 9.43 -3.59
-1.53 9.81 -1.50
-1.53 9.56 -1.54
1.57 10.01 2.04
1.73 9.72 1.02
2.34 9.79 1.22
4.30 10.10 2.89
2.22 9.59 -0.22
-1.07 10.34 -0.02
-1.97 9.42 -3.57
-2.13 9.92 -1.28
-2.39 9.46 -1.54
2.02 9.91 1.28
-0.98 9.74 -0.39
3.74 9.67 1.51
3.60 9.70 1.08
2.07 9.67 -1.29
0.72 10.17 0.21
0.15 9.54 -2.37
-1.73 10.04 -0.08
-0.26 9.42 -2.43
0.41 9.97 0.23
1.52 9.84 -0.01
1.46 9.89 0.94
-0.08 9.49 -0.22
1.84 9.49 -1.06
-0.45 9.89 -1.91
0.13 9.21 -4.49
0.10 10.06 1.33
0.80 9.54 -0.55
2.51 9.70 0.46
3.24 9.80 -0.13
-1.89 9.68 -1.16
-0.45 9.37 -3.32
1.04 9.45 -2.16
-2.59 9.58 -4.81
-0.85 9.58 -3.49
2.01 10.33 3.60
0.35 9.95 1.42
1.25 10.21 2.28
3.93 10.18 2.15
1.38 10.39 3.33
0.74 9.05 -2.96
-0.31 9.46 -3.46
-1.10 9.71 -4.32
-2.70 8.97 -7.59
-0.16 10.27 1.45
4.55 9.71 0.44
5.66 9.14 -1.47
0.02 10.16 3.17
-0.86 9.33 -2.13
-0.21 9.71 -1.65
-0.44 9.93 -1.97
0.60 9.18 -5.29
-2.71 9.80 -3.24
2.30 10.01 2.61
-1.40 9.67 -0.71
2.44 9.60 1.19
-4.63 10.11 0.19
2.89 9.57 -1.62
-0.80 9.73 -2.42
-1.23 9.77 -1.95
-1.66 9.46 -3.34
-2.50 9.73 -2.52
8.18 10.01 3.35
6.30 9.80 2.52
4.03 9.63 1.64
-1.84 9.33 0.17
0.51 9.84 -0.17
-0.18 10.49 1.40
-7.22 9.47 -4.44
-1.22 9.43 -2.39
-0.14 9.39 -1.60
1.42 10.30 3.90
0.52 9.58 -0.75
2.58 9.36 -0.84
-0.89 9.32 -2.31
0.18 9.21 -3.73
2.29 9.79 -1.64
0.85 9.20 -3.49
0.24 9.55 -0.53
6.88 9.99 1.98
1.14 9.71 -0.72
2.67 9.44 -0.13
0.14 9.85 0.23
-1.25 9.72 -1.32
-4.85 9.51 -3.02
-4.49 9.60 -4.87
0.79 9.70 -2.80
3.45 10.17 3.28
0.72 9.56 -0.52
1.54 9.73 1.23
1.70 10.16 1.12
2.59 9.90 0.34
0.04 9.36 -2.21
-3.89 9.45 -3.69
-0.33 9.32 -4.58
-2.59 9.80 -3.78
-1.76 10.44 3.35
2.28 8.93 -2.68
2.70 9.78 1.06
5.86 9.94 1.71
0.74 9.61 -0.89
0.45 10.09 0.36
0.00 9.47 -3.07
4.11 9.35 -4.39
-3.30 9.85 -3.08
-3.27 10.95 4.71
3.70 9.38 0.78
3.46 9.79 2.34
1.01 10.26 2.42
0.02 9.48 -0.76
1.83 10.19 1.05
-3.42 9.96 -1.85
-1.40 9.58 -2.12
1.27 9.58 -0.52
0.66 10.26 1.98
4.52 9.64 0.49
-0.15 9.74 1.30
0.67 9.69 1.52
0.94 9.52 -0.60
-0.92 10.37 0.57
-7.04 9.18 -6.13
0.65 9.76 -1.66
-0.22 9.43 -2.20
2.79 9.81 1.98
1.99 9.54 0.38
1.35 9.41 0.95
1.18 9.79 1.07
-0.67 9.70 -2.18
3.73 10.13 0.14
-3.68 9.86 -2.33
2.62 10.11 1.86
-0.34 9.74 0.29
1.59 9.70 1.72
0.35 9.73 0.31
2.37 9.80 1.23
-3.64 9.27 -2.09
-2.69 9.52 -3.00
0.34 9.83 -3.40
-0.53 9.52 -4.98
-2.78 10.59 1.58
1.77 9.57 -0.49
0.62 9.95 1.21
-1.03 9.83 0.00
2.70 9.75 0.87
-2.89 9.46 -2.19
-1.15 9.76 -2.09
-1.26 9.38 -4.62
-1.08 9.81 -2.90
1.00 10.29 2.25
-0.39 9.63 -1.07
3.66 9.76 0.82
2.22 9.89 1.28
-1.11 9.85 -0.42
0.84 9.44 -1.72
-0.28 9.66 -2.01
2.10 9.71 -1.23
-4.01 9.76 -2.52
-1.72 9.64 -1.98
-0.28 9.72 -1.17
0.88 9.63 -0.99
0.41 9.67 -0.62
-0.16 9.75 -0.48
-0.47 9.93 -0.16
-0.49 9.74 -0.07
0.01 9.66 -0.59
0.85 9.82 -0.57
-0.41 9.82 -0.88
2.10 9.77 -0.43
-0.13 9.69 -0.69
-2.00 9.68 -1.39
-0.09 9.45 -1.88
1.14 9.59 -0.81
2.19 9.82 0.09
1.24 9.81 -0.41
0.06 9.91 -0.33
-0.80 9.66 -1.00
-0.67 9.79 -0.48
1.34 9.64 -0.60
1.68 9.60 -0.29
0.74 9.74 -0.64
0.34 9.56 -1.46
0.95 9.81 -0.45
-1.97 9.91 -0.66
0.54 9.60 -1.55
-1.70 9.76 -0.87
0.62 9.69 -1.06
-0.28 9.68 -1.02
1.12 9.93 -0.07
1.52 9.79 -0.42
-0.37 9.93 -0.06
0.96 9.76 -0.05
0.66 9.53 -0.90
-1.65 9.83 -0.07
-2.82 9.66 -1.28
0.67 9.58 -0.72
-1.08 9.86 -0.23
-0.60 9.66 -1.54
0.31 9.69 -1.15
0.64 9.74 -0.80
-0.84 9.65 -1.00
1.22 9.63 -0.63
1.48 9.98 0.44
-1.04 9.61 -1.84
-0.10 9.85 -0.36
1.79 9.69 0.21
0.94 9.88 0.25
-0.87 9.91 -0.32
1.88 9.74 -0.18
0.45 9.70 -0.03
-1.62 9.75 -0.28
1.04 9.78 0.33
-0.33 9.85 0.11
1.86 9.72 -0.51
1.09 9.78 0.11
-0.17 9.70 -0.96
-1.29 9.76 -1.48
1.40 9.62 -0.03
-1.26 9.61 -1.03
1.04 9.99 0.67
0.95 9.62 -1.40
-0.72 9.60 -1.28
1.06 9.75 -0.03
-1.32 9.76 -0.13
2.67 9.68 -0.07
