-1.84 10.24 0.17
-0.95 9.08 -3.88
-0.18 10.29 1.71
2.06 9.90 0.03
2.75 9.53 0.61
3.78 9.91 1.85
1.85 9.40 -1.04
-1.51 9.93 -1.14
-0.57 9.13 -4.97
-0.47 9.91 -1.84
0.22 9.51 -1.95
2.52 9.92 1.81
1.10 9.41 0.29
2.16 9.49 0.63
-5.49 9.42 -3.85
-0.50 9.17 -3.25
-4.20 10.08 -3.09
-1.88 9.69 -2.46
-0.16 10.18 2.07
2.78 9.46 -0.25
1.80 10.08 1.83
1.48 10.00 1.30
1.11 9.83 0.20
0.31 9.48 -2.81
-4.51 9.68 -3.57
-0.29 9.89 -2.79
-1.33 9.54 -4.04
0.92 10.24 3.03
4.01 9.44 0.04
1.28 9.55 -0.05
0.87 10.22 2.32
0.75 9.47 -1.84
0.86 9.67 -1.89
-1.99 9.55 -3.04
-3.66 9.72 -3.10
1.14 9.46 -2.44
2.45 10.11 2.73
2.95 9.75 1.50
3.05 9.49 1.28
-1.22 9.67 -1.57
-2.73 9.85 -1.91
-1.81 10.38 0.01
-2.29 9.51 -3.33
0.04 9.82 -1.41
0.32 9.60 -1.23
0.78 9.69 1.26
3.34 9.21 -0.14
2.20 9.26 -0.68
-0.49 9.64 -1.35
0.11 9.63 -2.36
-4.32 9.97 -3.25
-2.21 9.43 -3.59
-3.23 10.01 -0.53
2.11 9.63 -0.77
1.47 9.54 0.30
2.42 9.60 0.97
1.74 9.69 0.30
0.74 9.14 -3.27
-1.49 9.49 -3.23
-3.67 9.68 -3.79
-3.45 9.67 -3.77
-1.89 9.84 0.10
-1.27 9.51 -1.72
3.29 9.75 0.96
3.54 9.45 -0.04
3.68 9.53 -0.16
-0.09 9.33 -3.50
-2.90 9.50 -3.61
-3.74 9.44 -4.81
0.08 9.68 -2.90
1.30 10.16 2.57
1.99 9.48 -0.26
1.36 9.82 1.34
6.12 10.00 3.21
1.35 9.59 -0.68
1.34 9.69 -2.40
-4.53 9.71 -2.94
-1.69 9.32 -4.50
-2.18 9.85 -2.29
0.59 10.28 3.52
3.15 9.50 0.67
0.35 9.82 0.84
0.96 10.06 1.99
1.83 9.70 -0.04
-1.19 9.60 -3.05
-4.24 9.58 -3.75
-2.81 9.41 -5.36
1.01 9.61 -2.37
-0.78 10.09 2.16
2.65 9.30 0.36
3.87 9.53 1.20
3.49 9.91 2.66
0.96 9.77 -0.48
5.79 9.76 -0.96
-2.49 9.68 -2.99
-2.98 9.46 -3.78
-0.98 9.68 -1.23
0.77 9.84 1.92
-0.21 9.54 0.16
0.45 9.59 -0.45
2.68 9.76 0.84
-1.02 9.55 -1.62
0.77 10.27 -0.09
-2.43 9.51 -3.81
-2.44 9.71 -3.14
-1.14 9.66 -0.95
-0.39 10.02 2.65
3.30 9.53 1.05
1.51 9.59 1.02
2.37 9.77 1.76
0.66 9.64 -0.98
-2.07 10.09 -1.42
0.39 9.32 -3.59
-0.59 10.04 -1.16
0.50 9.65 -0.95
1.62 9.92 3.21
0.19 9.67 0.73
1.13 9.60 0.95
2.64 9.93 1.17
-2.21 9.57 -2.77
1.27 10.20 1.10
-3.58 9.33 -3.84
-0.30 9.84 -0.69
0.73 9.69 -0.54
3.06 9.87 1.49
3.18 9.67 1.76
0.61 9.76 0.56
2.42 9.48 0.05
-4.95 9.99 -1.34
0.53 9.90 -1.00
-0.06 9.52 -2.76
-0.79 9.89 -0.51
-0.89 9.64 -1.14
2.93 9.89 1.92
1.95 9.82 0.90
3.17 9.61 0.36
-0.32 9.27 -3.20
0.16 9.71 -2.88
-0.17 10.20 -0.63
-2.33 9.67 -2.53
1.46 10.15 1.60
0.36 9.60 -0.56
1.28 9.81 1.17
-0.40 10.01 1.84
2.40 9.78 0.66
0.56 9.37 -2.93
-0.82 9.91 -2.64
-2.20 10.00 -2.22
-1.60 9.57 -3.27
-0.88 10.01 1.19
0.42 9.36 -1.26
1.57 9.95 1.39
2.84 9.77 0.55
1.76 9.54 -0.70
-1.55 9.59 -2.82
-1.69 9.83 -3.27
-3.85 10.04 -2.54
-0.26 9.58 -2.59
1.85 9.82 0.82
2.30 9.38 -0.51
2.88 9.65 1.32
1.50 10.12 3.03
1.55 9.62 -0.57
-0.13 9.42 -3.38
-2.26 9.60 -3.03
-0.40 9.95 -1.20
-3.05 9.76 -3.32
-0.25 9.97 1.33
1.88 9.63 0.66
4.41 9.81 1.77
2.26 9.82 0.38
2.54 9.62 -0.56
0.64 9.59 -2.10
-1.13 9.58 -3.83
-2.65 9.47 -4.95
-0.89 9.63 -2.89
2.49 10.33 3.05
1.12 9.83 1.01
3.45 9.79 1.70
1.02 9.94 0.60
2.66 9.70 -0.25
-0.18 9.76 -1.83
-2.51 9.64 -3.69
0.53 9.44 -4.39
-1.44 9.82 -2.58
1.16 10.38 2.37
2.94 9.62 1.37
1.12 9.88 0.95
1.85 9.93 1.71
-0.17 9.87 -0.60
1.52 9.84 -0.96
-4.07 9.76 -3.52
0.27 9.45 -3.07
-3.04 9.85 -2.05
2.59 9.88 2.77
2.68 9.58 0.25
2.88 9.73 1.24
3.21 9.95 2.36
1.62 9.59 -1.01
-2.42 9.94 -1.41
-2.60 9.43 -4.01
-0.15 9.35 -3.98
-0.49 9.92 -0.98
2.68 10.15 3.15
1.86 9.70 0.57
3.14 9.90 1.69
3.79 10.18 2.63
-0.05 9.79 -0.37
2.31 10.13 0.59
-2.46 9.80 -2.54
-1.21 9.56 -2.14
-0.58 9.49 -1.78
0.13 9.92 1.91
5.02 9.19 -0.32
2.92 9.63 0.88
1.66 10.07 2.54
-0.45 9.73 -0.74
-1.28 10.07 -0.98
-2.20 9.27 -3.80
1.44 9.50 -2.40
-2.33 9.58 -2.84
4.17 9.93 2.39
2.30 9.51 0.17
4.41 9.73 1.97
1.53 10.26 3.44
1.35 9.75 0.24
-1.85 10.34 1.08
-3.25 9.54 -3.24
-2.55 9.67 -2.43
2.11 9.53 -1.34
2.16 9.83 1.46
3.93 9.58 0.89
3.19 9.76 1.91
0.52 9.83 1.20
0.40 9.88 -1.07
-1.59 10.34 0.09
-0.76 9.47 -4.07
-0.81 9.89 -1.26
3.50 9.41 -1.28
0.33 10.05 1.63
7.32 9.34 0.55
1.98 9.94 2.71
3.74 10.43 3.48
0.69 9.72 -2.25
-0.59 10.39 0.75
-4.40 9.57 -1.95
-2.49 10.01 1.33
-0.82 9.55 0.10
1.04 9.90 3.19
-2.57 9.96 1.35
0.67 9.40 0.34
-2.79 9.62 -0.57
-1.98 9.34 -3.95
-4.24 10.29 -0.45
-1.48 9.58 -2.29
-1.41 9.96 0.61
1.97 9.48 -1.51
5.89 9.69 2.45
2.28 9.88 1.69
-1.32 9.74 -1.14
-4.68 9.79 -1.75
0.32 9.26 -3.85
0.02 10.22 -0.97
-1.20 9.16 -4.57
-0.04 10.24 2.08
0.89 9.57 -0.68
2.75 9.73 0.45
3.76 9.85 2.10
0.18 9.78 0.88
-5.08 9.37 -3.11
-1.60 9.75 -1.96
-1.93 9.92 -3.98
-4.52 9.67 -4.18
3.35 10.02 3.36
2.21 9.31 0.36
4.42 9.69 1.91
-0.38 10.01 1.91
1.05 9.26 -1.61
-4.43 9.34 -1.84
3.51 9.47 -2.18
-1.65 10.02 -2.09
-2.08 9.40 -2.28
5.12 9.84 4.48
3.68 9.68 2.09
2.57 9.66 0.52
0.49 10.03 -0.05
1.23 9.60 -1.43
1.66 10.06 -0.13
-1.21 9.88 -1.01
2.17 9.80 0.80
-3.30 9.93 1.48
-0.80 9.64 -0.60
-1.63 9.93 0.89
0.47 9.55 -1.41
-0.58 10.19 0.49
0.86 9.22 -2.31
-0.86 9.49 -3.17
2.23 9.44 -2.17
3.68 9.56 -1.61
1.73 9.86 -0.76
-2.18 9.36 -2.77
2.85 9.78 -0.35
-3.08 9.99 -0.84
-0.84 9.73 -2.09
2.03 9.77 -1.03
1.06 9.63 -0.57
-0.90 9.32 -2.42
2.06 9.71 -1.18
0.96 9.73 -0.90
-0.34 9.66 -1.71
-2.16 9.56 -1.83
1.41 9.69 0.00
-0.21 9.50 -0.84
-1.62 9.77 -1.43
2.86 9.70 0.15
-0.51 9.62 -0.78
-0.70 9.90 0.01
2.08 9.82 -0.33
-1.52 9.65 -0.91
-0.12 9.80 -0.54
0.93 9.94 -0.18
0.57 9.78 -0.60
-0.62 9.77 -0.35
-0.49 9.76 -0.39
0.46 9.65 -0.77
-0.47 9.72 -0.88
1.31 9.72 -0.28
0.41 9.71 -0.68
1.12 9.80 -0.41
-0.18 9.73 -0.86
0.88 9.66 -0.85
-0.17 9.78 -0.71
0.90 9.73 -0.60
0.41 9.82 -0.61
0.82 9.71 -0.80
-0.48 9.65 -1.67
-0.35 9.90 -0.25
0.45 9.76 -0.55
-0.18 9.66 -0.86
0.86 9.67 -0.52
-0.59 9.72 -0.92
0.16 9.54 -0.75
-0.11 9.60 -1.03
-0.25 9.70 -1.13
1.46 9.65 -1.05
1.50 9.79 -0.51
-0.80 9.86 -0.50
0.09 9.65 -0.71
-0.45 9.73 -0.54
0.95 9.81 -0.47
-0.94 9.81 -0.61
0.84 9.77 -0.13
-1.15 9.62 -0.92
0.66 9.76 -0.45
0.45 9.75 -0.55
-0.19 9.73 -0.48
