-1.46 9.29 -6.08
1.06 9.13 -5.11
-0.27 9.66 0.79
-0.43 9.19 -3.45
-1.05 9.37 -0.87
-0.62 9.98 0.41
-1.14 9.34 -2.97
1.22 10.05 0.14
0.27 9.49 -3.03
2.41 11.00 4.89
0.22 10.05 0.63
1.97 9.84 0.82
2.78 9.95 0.86
0.90 9.77 -0.09
4.55 9.66 -2.03
-2.79 9.59 -5.66
2.57 9.57 -2.84
-4.54 9.78 -1.01
5.99 10.41 5.54
-3.74 9.69 0.69
2.92 9.71 1.61
-3.04 9.06 -4.95
0.09 9.68 -2.70
-3.93 9.51 -6.07
-1.84 8.80 -6.55
-2.63 9.99 -0.45
4.41 9.34 -1.26
-1.66 10.24 2.17
3.34 10.05 2.34
8.41 9.53 1.00
-3.66 10.03 -1.17
-4.99 9.92 -1.67
-1.51 9.41 -5.20
1.90 9.73 -3.39
-0.18 10.50 3.63
2.32 9.20 -1.37
0.16 9.47 -1.98
8.11 9.63 0.27
1.28 10.05 -0.61
1.82 10.08 1.08
-0.86 8.98 -4.10
0.80 9.48 -2.66
-0.05 9.57 -2.59
5.43 10.09 2.78
6.73 9.70 1.68
3.50 9.81 2.08
2.39 9.48 0.17
-0.31 9.47 -2.03
-2.46 10.12 -1.18
-1.89 9.43 -3.40
-0.06 9.63 -2.34
0.78 9.58 -1.47
0.84 9.95 1.49
1.92 9.50 0.27
3.36 9.41 0.16
0.18 9.36 -1.55
-1.40 9.59 -2.61
-2.44 9.95 -2.62
0.58 9.65 -2.62
-1.80 10.22 2.01
0.26 9.58 -1.19
0.79 9.88 2.19
1.77 9.80 1.77
1.47 9.80 1.22
0.12 9.32 -2.62
-2.90 9.78 -1.87
-2.90 9.75 -3.75
-2.22 9.67 -3.65
0.66 10.07 1.87
1.64 9.52 -0.07
3.39 9.66 1.68
0.57 9.77 1.23
2.70 9.72 0.97
-3.08 9.42 -2.57
0.05 9.52 -3.13
-2.85 9.54 -4.52
3.48 9.76 -1.72
-1.95 10.48 2.99
1.91 9.70 0.53
3.93 9.55 0.85
6.56 9.72 2.41
4.00 9.62 0.02
-2.80 9.40 -3.51
-1.72 9.54 -2.23
-0.40 9.41 -4.68
-3.73 10.02 -3.15
1.09 10.16 1.47
2.17 9.85 1.62
3.88 9.70 1.48
3.00 10.33 2.76
3.31 9.77 0.67
-0.20 9.76 -1.40
-1.12 9.60 -3.02
-2.62 9.47 -5.04
-0.44 9.79 -2.59
-0.17 10.53 3.07
3.32 9.44 -0.44
0.72 9.93 2.61
1.58 10.27 3.07
3.75 9.85 0.48
5.18 9.96 0.24
-5.13 9.81 -3.34
-1.47 9.37 -5.24
-1.91 9.77 -3.16
2.21 9.99 1.94
1.37 9.81 1.73
4.19 9.45 1.42
4.21 10.16 2.81
-0.17 9.76 -0.56
3.05 9.96 -0.08
-5.02 9.75 -3.17
-0.49 9.38 -4.01
-4.07 9.78 -2.42
-0.62 9.90 1.25
3.85 9.36 -0.05
2.95 9.73 1.55
3.68 9.79 1.19
0.36 9.69 -1.39
-0.04 10.11 -0.09
0.19 9.54 -2.70
-0.50 9.41 -3.84
-0.98 9.54 -2.31
0.09 10.18 3.63
0.98 9.52 0.20
0.27 9.84 0.95
-1.52 9.65 -0.17
1.38 9.43 -2.14
-0.39 10.32 0.03
-2.40 9.61 -2.93
-3.00 9.69 -2.28
-1.49 9.61 -1.20
2.07 9.95 2.06
1.68 9.66 0.12
2.16 9.82 1.46
2.46 9.09 -2.61
1.10 9.25 -3.17
-3.95 10.12 -1.64
-1.28 9.34 -4.41
-1.19 9.62 -2.51
-1.81 9.66 -1.30
2.89 10.05 2.48
3.22 9.37 0.71
3.30 9.58 1.11
-3.51 9.52 -1.87
-1.64 9.45 -2.78
-1.98 9.80 -2.32
-5.24 9.57 -3.55
4.62 9.15 -1.65
-1.41 9.70 -1.72
6.04 9.71 2.62
-2.97 9.83 1.42
0.19 9.42 -1.84
5.19 9.50 -1.77
-3.91 10.23 -0.24
2.08 9.47 -2.27
-0.80 9.95 -0.13
1.12 9.73 -0.98
0.10 9.45 -2.23
2.38 9.88 1.84
1.29 9.61 0.70
-1.19 10.00 0.81
0.56 9.36 -2.16
-3.21 9.69 -3.96
-1.07 9.80 -4.08
-1.67 9.86 -3.48
1.09 10.23 0.99
-1.08 9.62 -0.10
2.71 9.73 0.68
8.15 9.65 0.44
1.12 9.71 -0.17
-1.95 9.09 -5.28
-4.06 9.70 -3.43
-2.70 9.53 -4.32
-3.32 9.38 -4.44
7.33 9.88 3.81
2.63 9.63 1.82
1.53 9.98 2.18
0.61 9.61 0.08
-3.43 9.07 -3.18
0.21 9.21 -3.79
-1.26 9.61 -3.36
-1.89 9.51 -4.40
-1.44 9.93 -2.12
6.12 10.08 4.01
-1.37 9.31 -1.27
-0.48 9.62 -0.23
9.21 10.07 3.27
0.35 9.48 -1.66
-0.77 9.32 -2.54
1.40 9.67 -1.52
-0.41 9.44 -5.75
0.30 9.70 -3.16
8.45 10.08 4.44
0.80 9.97 2.18
2.63 9.75 1.77
1.79 9.71 0.69
-5.50 9.82 -1.86
-1.14 9.59 -2.47
-4.53 9.66 -3.94
1.05 9.42 -3.71
0.19 9.48 -3.08
2.84 10.20 2.59
0.18 9.68 0.91
4.49 9.03 -0.99
-0.48 10.22 1.97
-1.22 9.77 -0.46
2.57 10.12 1.12
1.17 9.55 -1.32
-0.85 9.17 -4.26
-1.33 9.57 -2.83
4.36 10.15 3.99
-1.99 9.51 -0.44
0.16 9.47 0.72
0.81 10.21 2.41
-1.85 10.11 -1.33
-2.22 9.57 -2.59
2.19 9.28 -4.39
-4.38 10.09 -3.79
1.68 9.59 -2.44
5.78 10.44 4.63
6.36 9.60 2.25
1.62 10.20 3.95
7.77 9.87 2.58
3.74 9.78 0.71
-1.42 10.50 0.47
0.01 9.50 -3.16
-2.48 9.70 -3.26
-1.26 9.47 -2.20
1.49 9.90 2.37
4.11 9.15 0.19
2.96 9.47 1.26
3.72 9.97 2.94
0.22 9.71 -1.10
-0.93 10.30 0.28
-1.73 9.15 -4.92
-2.30 9.71 -2.78
-0.83 9.54 -1.65
1.04 10.17 2.72
2.96 9.66 0.76
2.54 9.59 1.16
3.32 10.08 1.94
-0.75 9.78 -1.02
-1.48 10.32 1.21
-3.35 9.52 -3.02
-2.74 9.87 -1.37
0.82 9.52 -0.50
3.85 9.88 2.45
4.12 9.59 1.02
2.69 9.67 1.04
1.12 9.91 1.33
0.22 9.64 -1.30
-0.97 10.47 1.41
-1.01 9.47 -4.08
-1.14 9.88 0.81
-1.19 9.42 -1.89
1.98 10.05 2.58
3.45 9.49 0.99
1.65 9.71 0.80
0.16 9.91 0.89
0.37 9.65 -0.92
-2.62 10.19 -0.13
-2.63 9.23 -4.08
3.29 9.60 -0.54
-2.15 9.66 -0.56
3.41 9.45 0.89
3.41 9.54 0.63
0.74 9.81 0.87
0.96 9.11 -3.09
1.18 9.79 -0.78
-2.19 10.22 -0.67
-1.54 9.18 -4.42
-1.73 9.90 0.05
1.73 9.25 -0.83
1.38 9.67 -0.21
3.96 9.73 0.47
2.42 9.69 0.07
-0.99 9.22 -3.77
1.24 9.43 -2.70
-0.78 9.70 -1.99
-0.82 9.63 -2.83
-2.12 10.04 0.65
-0.10 9.52 -0.89
4.19 9.68 1.19
3.07 9.88 1.69
2.43 9.53 -0.70
-2.53 9.69 -1.58
0.02 9.64 -1.96
-1.06 9.96 -0.13
-0.07 10.02 -0.38
-1.40 9.80 -1.28
-1.81 9.70 -1.36
2.63 9.46 -1.63
0.68 9.89 -0.10
0.80 9.80 -0.23
-0.51 9.71 -0.98
2.22 9.50 -0.54
-2.22 9.81 -0.15
-1.34 9.95 -0.76
0.53 9.69 -1.01
2.20 9.61 -0.96
-1.51 9.83 -0.61
0.49 9.53 -0.95
0.64 9.67 -0.77
-1.43 9.92 -0.26
2.71 9.73 0.00
-2.37 9.80 -0.92
1.95 9.76 0.05
1.12 9.65 -0.56
0.77 9.85 -0.40
1.25 9.79 -0.51
-0.12 9.77 -0.68
0.70 9.82 -0.27
0.67 9.69 -0.62
-0.11 9.96 0.18
1.26 9.73 0.18
0.90 9.60 -0.88
0.99 9.69 -0.53
-0.43 9.64 -0.81
-1.43 9.68 -1.09
-0.57 9.76 -0.40
0.27 9.85 -1.00
0.91 9.71 -0.90
2.18 9.51 -1.24
0.61 9.71 -0.76
-1.91 9.87 -0.48
1.66 9.74 -0.36
-0.47 9.69 -0.89
0.73 9.79 -0.20
0.04 9.60 -0.95
-2.57 9.96 -0.41
0.11 9.93 0.25
2.31 9.78 0.31
0.27 9.70 -0.91
-1.05 9.99 -0.19
1.83 9.87 0.14
1.72 9.59 -1.86
-2.49 9.86 -1.55
1.14 9.87 0.22
0.54 9.62 -1.23
-1.03 9.72 -0.51
1.19 9.70 0.12
-0.85 9.62 -0.56
1.47 9.82 0.70
-0.78 9.83 -0.25
-1.28 9.85 -0.33
0.85 9.69 -0.24
