6.37 10.08 3.99
2.78 9.37 -0.43
2.66 11.15 3.93
-2.90 9.28 -4.62
0.98 9.97 -0.97
-1.32 9.35 -2.70
2.18 9.56 0.94
1.69 9.73 0.46
1.52 9.40 -0.42
1.72 9.85 -0.50
-2.31 9.60 -2.94
-3.18 9.81 -2.57
-2.56 9.76 -2.13
-0.67 9.97 0.71
-1.00 9.81 -0.15
1.41 9.71 0.24
2.76 9.81 0.86
-1.09 9.64 -1.72
-1.07 9.68 -3.94
-3.91 9.64 -3.79
3.12 10.15 2.05
0.83 9.54 -0.20
1.97 9.94 1.79
3.34 9.84 1.26
1.43 9.64 -0.33
1.90 9.38 -2.30
1.87 9.49 -2.27
-2.35 9.29 -5.31
2.57 9.54 -2.25
-1.25 10.23 1.40
2.85 9.62 0.62
-0.61 9.69 0.60
0.72 9.75 0.39
-1.10 9.86 -0.33
0.01 9.88 -0.61
-0.36 9.31 -2.94
-2.56 9.63 -2.30
2.54 9.27 -2.30
1.46 9.74 1.13
3.46 9.69 1.37
2.05 9.83 1.75
-2.54 9.70 -0.10
-3.63 9.73 -2.06
0.16 10.25 0.15
-3.41 9.60 -2.72
0.53 9.79 -0.12
-1.59 9.55 -1.85
2.09 9.59 0.49
3.87 9.59 0.50
1.91 9.82 1.11
-2.85 9.23 -3.32
-0.70 9.73 -2.39
-0.60 9.67 -3.78
-0.38 9.56 -2.84
-1.33 10.29 1.86
-2.85 9.77 -0.28
5.96 9.66 1.84
2.93 9.92 0.92
3.46 9.99 1.34
-1.33 9.61 -2.18
-4.21 9.58 -3.28
-0.04 9.27 -4.54
0.62 9.68 -1.30
-1.62 10.12 0.83
0.58 9.84 0.68
3.27 9.67 1.49
3.27 10.20 2.68
1.56 9.54 -0.95
-0.93 9.77 -2.07
-2.19 9.49 -2.99
-2.20 9.41 -4.02
2.88 9.58 -1.83
-0.74 10.12 1.64
0.39 9.76 0.87
2.09 9.87 1.64
6.77 9.82 2.13
-2.11 9.68 -1.35
3.13 9.97 -0.67
-5.69 9.89 -2.91
-0.69 9.59 -2.18
0.47 9.53 -1.68
2.34 9.71 0.84
3.47 9.61 0.82
3.41 9.81 2.26
2.96 9.78 2.16
2.31 9.45 -0.92
-0.31 10.38 0.66
-3.16 9.54 -3.17
-3.24 9.93 -1.25
1.24 9.69 -0.67
1.76 9.97 1.19
0.74 9.76 0.17
0.85 9.43 -0.62
4.65 9.86 1.99
0.05 9.34 -1.87
-1.86 10.30 -0.08
-3.73 9.73 -2.99
-2.62 10.05 -0.22
3.24 9.57 -0.44
0.03 9.96 0.31
1.37 9.72 0.13
2.79 9.60 0.53
2.39 9.79 0.38
-1.11 9.77 -1.45
-0.11 10.17 -0.62
-1.86 9.87 -1.79
-3.88 9.96 -0.55
2.29 9.49 -1.07
5.96 9.54 0.49
-2.16 9.70 -0.60
3.22 9.87 1.78
-1.05 9.41 -1.56
-0.30 8.98 -4.10
2.16 10.10 -1.36
-2.28 9.75 -3.61
1.43 10.09 0.69
-1.97 9.49 -1.99
2.43 9.68 -0.53
8.89 9.85 2.54
-1.14 9.99 0.15
1.57 9.46 -1.64
-1.14 9.67 -1.93
-1.48 9.54 -4.39
-0.27 9.60 -3.17
2.75 10.06 2.11
1.42 9.70 0.78
3.15 9.83 1.09
0.39 9.80 -0.48
3.84 9.86 -0.40
-0.99 9.79 -2.75
-1.27 9.45 -2.65
-6.89 9.65 -3.76
1.21 9.10 -4.49
-1.47 10.29 3.47
0.72 9.60 -0.03
4.74 9.38 -0.20
3.07 10.15 3.04
-1.90 9.76 -0.50
-2.76 9.84 -1.14
3.32 9.27 -2.58
-3.64 9.71 -4.23
2.28 10.07 -0.36
1.40 10.30 3.66
1.22 9.67 -0.29
2.84 10.12 1.45
0.01 10.07 0.63
-2.06 10.24 0.77
-5.64 9.73 -2.65
-1.06 9.45 -2.49
-2.89 9.79 -3.34
1.50 9.70 -2.13
3.87 10.21 2.66
3.51 9.59 0.44
2.26 9.79 0.68
0.77 9.90 1.07
-1.43 9.87 -0.56
-1.12 9.94 -0.85
-1.33 9.58 -3.12
0.92 9.50 -4.08
0.44 9.76 -2.12
2.83 9.91 1.79
-0.70 9.73 -0.02
2.40 9.38 0.03
-0.09 9.88 0.31
0.48 9.60 -1.60
1.73 9.94 -0.16
-1.79 9.44 -3.53
-3.45 9.50 -3.79
1.67 9.69 -1.41
0.93 9.94 1.74
-0.47 9.55 -0.40
1.36 9.51 0.78
2.50 9.66 0.39
-2.16 9.66 -2.51
-1.01 10.14 -0.09
-1.02 9.53 -2.48
1.40 9.71 -1.34
0.49 9.57 -1.28
-0.42 9.89 1.31
1.17 9.89 0.11
0.60 9.84 0.81
-0.73 9.81 -0.19
-3.54 9.60 -2.70
-3.26 10.09 -0.78
-1.59 9.46 -3.78
-0.95 10.25 2.36
-1.44 9.67 -2.09
3.01 10.01 1.62
4.63 9.46 0.53
3.61 9.67 1.34
-2.58 9.46 -1.37
-3.25 9.57 -2.35
-0.50 9.87 -2.64
-1.04 9.76 -2.27
1.46 10.03 2.44
0.06 9.58 -0.45
2.10 10.11 2.36
0.55 9.79 0.95
4.65 9.74 0.66
0.76 9.40 -2.26
0.06 9.65 -1.82
-0.85 9.61 -3.84
0.83 9.73 -2.92
-3.28 10.29 1.48
3.19 9.23 -0.70
0.26 9.93 2.18
2.61 9.40 -0.13
3.65 9.36 0.69
-4.74 9.28 -3.36
-0.63 9.50 -1.93
-1.65 9.30 -4.55
4.34 10.05 2.15
-5.30 10.40 3.22
-1.01 9.15 -2.40
0.92 10.07 2.46
1.76 9.83 1.86
-4.28 9.74 0.45
0.06 9.18 -2.69
-1.76 9.84 -1.62
0.63 9.48 -3.70
-5.41 10.10 -2.47
1.68 10.03 0.71
3.32 9.43 0.08
-0.67 9.78 -0.31
2.12 9.81 0.50
-0.44 9.83 -0.63
2.90 9.99 1.49
-0.20 10.05 1.09
-0.69 8.92 -4.34
-3.55 9.79 -2.14
1.68 10.28 3.17
1.77 9.50 -0.77
3.75 9.70 1.37
0.19 10.21 1.48
-0.37 9.27 -3.35
7.67 9.58 -1.51
-6.55 10.02 -3.53
-1.15 9.13 -4.82
2.18 9.92 -0.50
0.58 10.16 2.46
2.41 9.23 0.57
6.45 9.84 2.14
0.45 10.27 3.46
-1.64 9.28 -3.33
0.11 9.60 -3.42
1.27 9.55 -2.18
-4.17 9.43 -3.60
1.57 9.34 -1.98
2.45 9.73 0.86
2.73 10.29 2.29
0.68 9.55 -0.25
5.79 9.97 2.43
2.93 9.93 0.13
2.99 10.11 -1.22
-0.37 9.49 -1.95
-1.05 9.61 -1.00
3.01 9.14 -2.71
-0.83 9.83 1.09
4.61 9.45 0.79
1.03 9.56 0.79
0.66 10.00 2.23
-4.70 9.21 -4.11
3.88 9.97 -0.28
-5.02 9.57 -4.74
0.13 9.66 -0.91
-1.52 9.26 -1.55
5.47 9.68 0.64
4.00 10.03 1.27
1.58 9.80 0.16
2.18 9.75 -0.37
1.04 10.05 0.36
1.03 9.93 0.78
-0.91 9.32 -2.66
-7.88 10.12 0.31
2.77 9.73 1.00
-0.59 10.31 1.33
-2.74 9.62 -1.88
2.73 9.57 -0.62
-3.08 9.44 -1.05
0.31 9.08 -4.10
-0.38 10.23 -1.81
-0.69 9.70 -3.39
-2.28 10.36 2.76
5.13 9.29 -0.12
2.50 10.07 1.73
5.11 9.96 1.64
-4.35 10.40 1.54
-2.95 9.43 -1.45
2.79 9.95 0.99
-5.73 10.00 -0.19
-0.63 9.28 -1.97
-4.46 9.95 -0.50
5.24 9.14 -2.29
3.29 8.93 -4.15
4.10 9.30 -2.77
-0.57 9.74 -0.92
0.89 9.65 -0.66
1.29 9.60 -1.85
4.43 9.64 -1.60
-4.03 9.80 -1.97
2.07 9.53 -2.15
-2.12 9.55 -3.13
2.90 9.89 0.79
4.57 9.73 1.57
2.16 10.18 1.63
1.34 10.07 3.31
-2.10 10.17 2.05
0.38 10.03 0.61
-0.21 9.98 -0.27
1.53 9.99 0.33
-1.25 9.44 -1.29
-0.11 9.62 0.66
2.19 9.53 -1.78
3.47 9.78 -0.53
2.53 9.03 -1.47
-1.30 9.99 -0.39
0.17 9.32 -2.63
3.29 9.18 -2.03
-0.06 9.53 -2.18
-3.38 9.92 -0.33
-0.20 9.86 -1.17
0.59 9.85 0.53
-1.50 9.48 -1.12
-2.06 9.63 -1.33
1.78 9.49 -0.52
0.52 9.99 0.34
-0.59 9.65 -1.13
1.80 9.59 -0.99
3.68 9.67 -0.80
-1.23 9.50 -2.01
0.46 9.60 -2.00
-0.58 9.69 -2.12
-0.73 9.48 -1.86
0.59 9.85 0.63
3.96 9.65 0.03
-1.32 9.83 -0.55
2.10 9.69 -0.29
-0.29 9.72 0.00
-0.91 9.75 -1.47
1.17 9.68 -0.72
0.73 9.78 -0.90
1.44 9.51 -2.59
-6.61 10.20 0.16
-1.38 9.84 1.46
-0.61 10.20 -0.55
-6.26 9.88 -1.73
4.68 9.94 -0.14
-1.65 10.35 0.65
6.30 9.71 -1.01
-3.20 9.38 -4.18
-0.58 9.44 -1.56
-1.25 9.53 -1.60
0.16 9.73 0.30
0.12 10.29 0.02
5.85 9.75 -0.72
-1.45 9.28 -3.71
1.87 9.84 -0.14
-3.55 9.74 -1.29
0.20 10.05 -0.25
0.34 9.89 -1.50
2.30 9.72 -1.24
-1.09 9.57 -0.99
0.35 9.87 -1.22
-3.37 9.39 -3.00
1.06 9.53 -0.56
-1.26 9.75 -1.49
-2.86 9.86 -1.24
0.21 9.79 -0.49
1.22 9.72 -0.62
-0.84 9.54 -0.86
2.43 9.85 -0.74
-2.53 10.06 -0.06
1.49 9.47 -0.76
-1.42 9.73 -0.15
0.45 9.65 0.16
1.90 9.73 -0.19
1.63 9.73 0.06
0.19 9.93 0.20
0.87 9.78 -0.89
-0.04 9.78 -1.65
1.61 10.20 0.01
-1.97 9.58 -2.75
-0.68 9.76 -1.69
-4.67 9.53 -2.91
2.20 9.95 -0.66
-1.89 9.88 -1.34
-0.86 9.89 1.76
-5.98 9.55 -1.51
0.36 9.80 -1.49
0.42 10.17 0.04
2.92 10.08 1.63
-2.53 9.88 1.03
-0.13 9.93 0.21
2.31 9.82 1.16
-0.03 10.25 2.33
-1.44 9.32 -2.49
1.56 9.94 -0.15
2.91 10.11 0.73
2.46 9.84 0.11
3.71 9.76 1.00
-2.22 9.16 -1.71
4.51 9.64 -0.75
3.49 9.59 -2.25
1.47 9.79 -0.73
-0.13 9.97 0.20
-1.26 9.72 -0.62
2.14 10.06 0.93
-0.03 9.60 -0.32
-4.20 9.47 -2.07
-1.28 9.73 -1.33
3.80 9.40 -1.65
0.79 9.68 -0.33
-4.42 10.44 0.59
4.02 9.63 0.17
-0.50 10.15 0.74
-0.04 9.81 -0.07
1.95 9.37 -1.44
-1.57 10.10 -0.57
0.92 9.36 -3.89
2.71 9.35 -1.52
-0.23 9.47 -1.13
-2.69 9.96 0.46
3.06 8.84 -2.01
2.53 9.46 -0.05
4.85 9.99 1.62
-3.20 9.43 -2.62
-0.08 9.54 -1.55
1.91 9.72 0.31
-4.99 10.07 -1.00
-1.62 9.77 -1.53
4.34 9.54 0.08
3.00 9.89 0.74
0.59 9.49 -1.25
0.70 9.52 -1.57
-0.79 9.99 -0.67
-1.44 9.89 -0.04
0.05 9.84 0.25
1.44 9.62 0.29
-0.99 9.57 -1.23
-0.04 9.86 -1.88
-0.21 10.08 -1.31
0.08 10.18 -1.31
1.72 10.22 0.22
0.18 9.87 -0.44
-0.44 9.69 -0.39
-3.42 9.72 -0.78
3.37 9.16 -0.94
-1.20 9.43 -1.89
-1.63 9.95 -1.70
0.89 9.62 -1.07
2.19 9.92 2.75
3.16 9.67 -1.34
0.07 9.65 -0.94
0.89 10.05 -0.41
5.25 10.26 1.67
1.76 9.94 -0.01
1.67 9.88 -0.52
-0.52 9.82 -1.39
-1.79 9.78 -1.51
3.32 9.58 -0.83
-0.01 9.61 -1.25
1.94 9.78 0.02
2.15 9.89 -1.09
1.66 10.08 -0.10
1.97 9.74 -0.65
-3.79 9.46 -2.05
0.01 9.46 -1.56
0.32 9.51 -2.25
-1.43 9.88 0.99
-0.93 9.67 -0.73
2.62 9.39 -1.03
0.55 9.68 -1.14
-2.21 9.82 -0.85
2.45 9.33 -1.06
-0.35 9.99 -0.81
-1.99 9.64 -0.80
0.03 9.62 -0.99
-0.39 10.03 -0.92
0.12 9.42 -0.30
0.47 10.04 -0.95
-0.06 9.77 -0.59
0.10 9.77 -0.56
0.30 9.96 -0.47
0.30 9.54 -0.33
0.49 9.96 -0.75
0.48 9.54 -0.56
0.53 9.71 -0.42
0.46 9.84 -0.71
0.38 9.55 -0.66
0.45 9.98 -0.57
0.30 9.61 -0.59
0.39 9.78 -0.65
0.45 9.75 -0.69
0.28 9.59 -0.60
