-1.70 9.46 -2.39
-3.59 9.46 -5.23
-1.42 11.64 6.00
4.61 8.89 -3.96
1.45 9.93 1.63
2.29 8.79 -2.03
0.22 9.33 -1.72
-5.15 9.40 -5.20
-1.91 9.25 -6.25
-0.60 10.49 0.95
-0.63 10.11 0.40
-0.18 9.80 1.21
-3.78 10.09 -0.33
0.56 9.55 -1.94
-3.16 9.71 -3.35
-0.59 9.60 -1.90
-0.93 10.01 1.89
5.24 9.58 0.32
2.95 9.79 -0.41
2.64 9.91 0.77
1.62 9.36 -2.27
2.62 10.15 0.18
-0.82 9.85 -1.34
2.55 10.41 2.54
-0.34 9.72 -0.22
2.53 9.37 0.44
6.02 9.52 0.31
-2.44 9.77 -0.99
1.40 9.92 -0.42
-2.10 9.56 -4.29
-4.93 9.60 -4.84
-2.67 9.60 -1.83
2.61 10.36 3.08
2.62 9.81 1.01
2.76 10.07 1.10
2.68 9.52 -0.68
0.70 9.80 -0.67
-0.82 10.28 -0.26
0.25 9.11 -4.17
-2.33 9.84 -0.52
4.27 9.32 -0.91
1.03 9.78 0.37
4.52 9.63 -0.12
1.67 9.72 -0.86
0.25 9.77 -2.18
-0.78 9.74 -2.48
1.02 9.27 -2.58
0.69 9.66 -1.28
2.36 9.85 2.55
3.71 9.71 0.25
-1.24 10.09 1.40
2.76 9.74 -0.12
-2.45 9.74 -1.75
0.62 10.37 0.53
-2.77 9.22 -4.21
-1.13 10.28 2.12
-0.47 9.85 -0.47
0.71 9.81 1.64
1.57 9.54 0.01
4.47 9.54 0.50
0.02 9.30 -2.57
1.52 9.36 -3.95
-4.90 9.73 -4.42
0.61 9.74 -1.67
2.79 9.77 0.30
1.32 9.68 1.48
2.87 9.51 1.90
-1.08 9.78 -1.27
-3.40 9.90 -0.97
2.56 10.19 4.07
-1.48 9.45 -2.27
-10.13 9.76 -4.14
-4.16 9.72 -2.79
3.78 9.84 0.78
-3.28 9.86 -0.27
2.78 10.02 0.89
1.18 9.28 -2.01
3.11 9.74 0.36
0.00 10.48 1.89
-0.98 9.81 -0.70
-2.99 9.87 0.96
0.75 10.17 1.82
4.15 10.08 2.82
1.56 9.90 1.16
-0.47 9.96 0.67
0.07 9.73 -1.37
0.75 9.79 -1.84
-4.66 10.20 -1.44
-0.61 9.47 -2.86
2.62 9.68 1.06
1.46 9.51 -0.92
2.16 9.76 0.89
2.83 9.88 1.53
0.15 9.61 -0.75
-1.18 9.82 -0.82
-1.00 9.67 -1.19
0.33 9.71 -2.48
-0.96 9.70 -2.26
0.13 10.01 1.04
3.22 9.58 0.12
3.11 9.72 2.02
5.07 9.82 2.13
-0.55 9.61 -1.68
-0.89 10.18 0.12
-0.57 9.49 -2.38
-1.66 9.51 -3.43
1.09 9.57 -1.83
1.50 10.16 2.65
5.45 9.76 2.18
0.16 9.71 0.56
1.32 10.01 2.07
-0.64 9.68 -1.62
0.14 10.39 1.17
-0.85 9.54 -2.36
-2.30 9.67 -3.41
0.25 9.61 -1.83
-0.43 9.94 1.27
2.28 9.51 0.06
0.69 9.64 0.52
-2.36 9.67 -1.99
1.86 9.55 -2.02
-3.03 9.85 -1.29
-3.10 9.36 -4.03
0.28 10.06 1.24
0.33 9.79 -0.80
1.90 10.03 1.59
4.37 9.50 0.26
0.30 9.67 0.41
1.13 9.60 -1.20
-1.04 9.77 -1.80
-0.23 9.85 -2.27
-1.61 9.61 -3.18
2.33 9.65 -0.15
2.67 9.80 0.97
3.26 9.65 1.15
0.79 9.65 0.70
5.19 9.57 0.28
-2.14 9.61 -1.70
0.92 9.31 -2.42
-3.53 9.61 -3.85
-3.01 9.53 -3.61
-2.13 9.97 0.42
1.73 9.73 0.64
3.18 9.71 2.16
2.32 9.90 0.29
1.92 9.63 -0.60
-0.54 9.54 -2.39
-1.67 9.63 -2.96
-4.81 9.65 -4.24
-3.32 9.90 -2.60
-0.95 10.10 1.21
2.62 9.64 -0.04
1.83 9.82 1.10
3.52 10.17 2.26
2.13 9.99 0.87
-1.20 9.68 -2.99
-2.84 9.82 -2.70
-0.06 9.40 -3.99
-1.87 9.77 -2.12
2.67 9.94 2.27
1.59 9.80 0.58
4.86 9.56 0.97
-0.03 9.77 1.52
0.95 9.84 -0.98
0.59 9.80 -2.54
-2.09 9.73 -2.99
-1.76 9.73 -2.88
-2.29 9.79 -1.50
1.38 9.79 0.58
2.11 9.63 0.06
2.69 9.68 1.28
-1.48 9.62 -0.56
1.82 9.47 -1.17
-2.60 10.06 -0.84
0.02 9.44 -2.91
-0.77 9.71 -1.62
-0.58 9.70 -1.74
0.07 9.87 0.66
0.74 9.44 -0.79
1.37 9.68 -0.17
-1.53 9.55 -1.86
-0.43 9.69 -2.32
-3.35 9.99 -2.56
-3.18 9.33 -4.22
-0.83 9.76 -0.24
0.22 9.60 -0.86
2.38 9.76 0.97
1.46 9.72 0.60
0.71 9.58 -0.34
1.97 9.19 -2.24
-2.72 9.67 -2.34
2.01 9.34 -3.56
-0.39 9.51 -2.67
-0.41 10.12 0.99
-1.47 9.66 -0.33
2.21 9.79 1.57
-0.03 9.84 0.07
-1.28 9.88 -0.07
0.06 9.62 -0.95
-1.83 9.75 -2.14
-0.31 9.45 -3.23
1.08 9.54 -2.98
0.47 10.15 0.90
1.99 9.63 -0.25
2.84 9.73 0.84
-1.07 10.11 1.62
1.05 9.45 0.00
1.11 9.35 -2.31
0.78 9.61 -3.35
0.00 9.67 -2.96
-2.46 9.83 -1.81
-0.17 10.20 1.76
2.74 9.67 1.10
0.39 9.73 1.17
4.89 9.99 1.79
0.56 9.66 -0.17
-1.35 10.15 -0.87
-1.92 9.61 -3.24
1.49 9.44 -2.84
0.67 9.79 -1.07
-0.24 9.82 0.29
1.19 9.71 0.74
3.15 9.84 2.96
4.74 9.80 1.82
0.01 9.88 -0.38
1.16 10.14 0.11
-3.71 9.65 -1.88
0.28 9.59 -1.62
0.48 9.75 -1.57
1.67 9.88 0.84
3.01 9.68 0.38
0.93 9.71 0.71
4.11 9.74 1.23
-1.11 9.57 -1.71
-1.99 10.22 -0.07
0.74 9.35 -2.71
-0.60 9.90 -0.33
2.06 9.89 -0.02
0.20 9.88 1.07
3.40 9.42 0.96
1.23 9.71 1.12
3.52 9.76 0.89
-0.86 9.65 -2.45
-1.80 10.38 0.22
-0.56 9.49 -3.10
-2.60 9.95 -0.31
2.04 9.49 -0.39
1.32 9.94 1.48
1.46 9.81 1.09
1.16 9.81 0.72
-0.16 9.59 -1.09
-1.04 9.62 -1.63
-3.96 10.08 -1.09
-2.92 9.47 -3.48
0.60 9.80 0.31
1.75 9.81 -0.22
1.72 9.66 0.63
2.25 9.36 -1.16
1.88 9.57 -0.90
0.16 9.24 -3.40
-1.03 9.54 -2.68
-0.22 9.99 -1.41
-0.93 9.57 -2.64
-1.40 10.04 1.00
2.30 9.67 0.03
2.34 9.47 0.09
2.36 9.81 1.02
2.22 9.64 -0.24
-0.10 9.39 -2.69
-1.05 9.69 -2.46
-0.37 9.97 -1.01
-3.77 9.75 -2.13
-1.61 10.08 1.31
0.90 9.70 0.06
3.19 9.86 1.07
5.09 9.85 1.99
-1.10 9.59 -0.94
-1.25 9.70 -1.94
-1.58 9.58 -3.15
-4.69 9.44 -4.82
-4.22 10.07 -1.90
0.74 10.20 2.12
5.26 9.50 0.72
3.57 9.92 2.12
4.11 10.01 2.03
-1.53 9.90 -0.09
0.62 9.97 -0.30
-3.59 9.68 -3.10
-1.37 9.43 -3.46
-1.88 9.73 -3.07
-1.46 10.20 1.80
5.69 9.55 1.10
2.52 9.71 1.62
3.68 9.88 2.13
-0.03 9.65 -1.52
-0.56 9.88 -0.57
-3.81 9.54 -3.40
-1.22 9.73 -0.93
3.16 9.81 0.39
2.80 9.60 -0.08
1.78 9.70 -0.20
3.13 9.62 -0.09
-1.59 9.66 -2.18
-0.46 9.77 -1.46
2.51 9.73 -0.84
-0.39 9.95 -0.87
0.50 9.57 -1.09
-0.49 9.57 -1.59
2.39 9.82 -0.02
-0.08 9.63 -1.27
1.64 9.74 -0.67
-0.20 9.55 -2.06
0.64 9.67 -0.99
1.24 9.81 -0.34
2.00 9.70 -0.81
-0.82 9.54 -0.51
0.76 9.68 -0.81
0.78 9.87 -0.47
0.64 9.92 -0.71
-0.01 9.74 -0.74
-1.19 9.66 -0.75
0.53 9.38 -0.82
3.29 9.72 0.41
-0.04 9.92 -0.04
0.52 9.77 -0.27
1.55 9.63 -0.59
-0.60 9.88 -1.35
0.22 9.90 -0.09
4.12 9.63 -0.21
1.88 9.64 -0.20
0.81 9.66 -1.09
-0.04 9.76 -1.25
0.85 9.80 -0.84
1.43 9.55 -1.35
-0.18 9.84 -0.38
0.94 9.80 -0.26
-0.81 9.73 -1.28
-3.24 9.90 -1.16
3.79 9.51 -0.53
3.01 9.73 0.05
-1.36 9.67 -1.13
-0.63 9.69 -0.42
2.80 9.60 -0.30
-0.83 9.65 -1.78
-0.04 9.76 0.67
1.52 9.53 -0.68
0.86 9.79 -0.67
1.85 9.66 -0.67
-1.28 9.76 -0.66
1.27 10.17 1.52
1.61 9.75 0.10
-0.99 9.23 -1.88
1.89 9.56 -0.65
2.52 9.28 -1.57
1.94 9.68 -0.77
-2.19 9.79 -0.28
1.34 9.54 -0.91
2.75 9.81 -0.05
1.47 9.88 -0.01
-2.48 10.08 0.69
2.63 9.63 -0.68
0.30 9.88 -1.93
-0.39 9.54 -2.47
1.06 9.47 -2.72
-0.70 9.83 -0.95
0.88 9.57 0.48
-0.77 9.40 -0.36
1.51 9.85 -0.42
2.61 10.04 0.28
0.42 10.14 1.17
-1.38 9.90 -1.40
-0.73 10.03 1.12
0.59 9.66 -0.95
-3.36 9.58 -1.49
0.15 9.61 -0.88
-1.14 9.62 -1.99
-0.60 9.89 0.11
1.00 9.74 -0.54
2.49 9.67 -0.43
-1.98 9.70 -1.50
2.31 10.00 -0.49
-1.17 9.80 -3.43
-3.47 10.14 -0.42
3.40 9.59 -0.20
-0.70 9.83 -0.48
1.04 9.50 -1.33
2.05 9.85 -0.04
6.22 9.26 -1.09
-2.13 9.93 -0.38
-0.97 9.45 -1.91
0.80 10.02 1.26
1.83 10.02 -0.49
-1.39 10.01 -2.01
7.11 9.62 1.47
-1.29 9.93 0.16
-1.28 9.13 -3.79
1.40 9.95 -1.34
-1.36 10.10 -0.49
1.94 9.76 0.96
2.01 9.99 0.92
-4.04 9.12 -3.08
-0.27 9.91 -0.64
0.57 9.76 -1.55
-2.59 9.64 -1.62
-0.90 9.16 -3.23
-0.45 9.69 0.27
-1.83 9.62 -2.11
-5.57 9.99 -1.51
2.45 9.47 -0.70
0.40 9.98 1.04
1.90 9.77 -0.51
1.45 9.90 0.53
-0.12 9.54 -0.28
0.61 9.74 -0.52
-0.04 9.43 -2.50
0.25 9.75 0.11
3.45 9.55 -1.53
0.16 9.65 -1.90
-1.44 10.00 -1.24
-3.28 9.72 -2.08
-0.94 9.74 -1.77
0.57 9.69 -0.62
5.08 9.23 -0.59
2.07 9.55 0.36
-0.89 9.81 0.34
0.99 9.66 -0.46
1.65 9.60 -1.27
2.41 9.73 -1.63
1.00 9.69 -1.15
1.48 9.61 -1.38
0.55 9.71 -0.71
-1.00 9.58 -1.77
-0.66 9.91 -0.21
0.01 9.67 -0.27
1.66 9.66 0.62
0.22 9.83 -0.56
3.50 9.77 0.17
2.89 9.18 -1.86
-4.94 9.90 -0.73
1.57 9.63 -1.51
0.61 9.72 0.41
-4.63 10.32 0.85
3.57 9.81 0.82
2.95 10.24 1.87
0.85 10.08 1.06
-0.88 9.93 0.38
-1.17 9.86 -0.62
0.44 9.38 -3.31
-2.20 9.92 -3.24
-3.17 9.72 -2.96
1.80 9.70 -0.46
3.83 9.75 0.56
-1.22 9.72 0.31
-0.03 10.05 0.08
1.45 9.60 -2.68
-0.23 10.10 -1.58
-0.43 9.88 -0.41
-3.21 9.94 -1.14
2.71 9.77 0.74
3.46 9.33 0.23
3.56 9.66 -0.70
-0.27 9.92 -0.41
0.37 9.99 -0.27
-0.17 9.83 -1.09
0.56 9.89 -0.12
0.73 9.82 0.84
3.89 9.89 1.80
-4.68 9.56 -1.79
-1.09 9.35 -2.03
-0.16 9.83 0.59
1.24 9.78 0.61
2.02 9.60 0.19
1.48 9.61 0.49
0.94 9.75 -0.90
0.80 9.60 -0.46
0.85 9.71 -0.09
-1.51 9.46 -0.43
3.09 9.43 1.61
0.89 9.49 0.25
1.06 9.59 -1.34
-1.98 9.53 -1.65
1.10 9.34 -1.27
-1.69 10.04 -0.62
-0.05 9.52 -0.53
-0.53 9.73 -2.01
-0.51 9.40 -1.66
0.12 9.85 -0.78
0.43 9.57 -0.64
0.63 9.62 -0.30
0.82 9.87 -0.15
0.85 9.68 -0.14
0.81 9.95 -0.09
0.66 9.82 -0.34
0.45 9.72 -0.79
0.42 9.82 -0.45
0.29 9.61 -0.73
0.17 9.77 -1.11
0.12 9.67 -0.83
0.17 9.66 -0.95
0.23 9.74 -0.89
0.28 9.66 -0.66
0.46 9.79 -0.74
0.46 9.69 -0.34
0.54 9.79 -0.22
0.48 9.77 -0.59
0.43 9.70 -0.39
0.51 9.80 -0.50
0.39 9.69 -0.62
0.38 9.79 -0.80
0.35 9.76 -0.85
