-0.82 9.97 -0.42
-0.78 9.86 -0.90
-0.27 10.00 0.23
-1.46 9.50 -2.97
0.45 9.89 0.82
2.56 9.72 0.64
1.10 9.86 0.56
5.70 9.77 0.51
0.33 9.74 -0.88
2.63 10.15 1.61
1.41 9.60 -2.09
-2.77 9.79 -2.88
0.40 9.81 -0.62
3.09 9.85 1.57
1.86 9.75 0.85
0.86 9.63 -0.16
-2.81 9.75 -2.30
-1.62 9.91 -2.56
-5.42 9.78 -3.76
-0.95 9.52 -2.76
1.83 10.27 3.09
1.24 9.50 0.02
2.78 10.04 1.76
4.17 9.78 1.03
0.18 9.68 -0.20
0.97 10.00 -0.45
-3.14 9.43 -4.07
-0.93 10.01 -0.41
0.17 9.35 -2.27
1.90 9.62 0.48
2.40 9.24 -0.99
0.90 9.63 0.66
1.42 9.66 -1.22
-1.99 9.62 -2.97
-2.46 10.14 -1.29
-3.36 9.67 -2.64
2.26 10.12 2.78
3.19 9.62 0.36
3.18 9.69 1.23
5.22 9.60 1.04
0.35 9.71 -0.72
-0.05 9.63 -2.58
-1.90 9.67 -3.23
-4.57 9.73 -3.99
-2.37 9.86 -2.20
-1.23 9.95 1.84
2.20 9.52 0.48
-1.39 9.69 0.07
2.88 9.60 -0.47
0.34 9.55 -0.46
0.02 10.19 1.30
-0.61 9.58 -2.30
-2.50 9.79 -1.97
-1.75 9.72 -1.54
1.53 9.81 0.48
3.72 9.52 -0.84
2.99 9.84 0.33
-0.62 9.54 -3.15
-2.60 9.74 -2.68
0.04 9.88 -1.30
-1.40 9.72 -2.91
1.03 10.16 1.88
-0.08 9.68 -0.11
4.64 9.78 1.61
1.71 9.77 0.94
0.30 9.70 -0.86
1.24 9.84 -1.12
-1.70 9.71 -2.68
-2.11 9.58 -2.82
-1.15 9.48 -3.70
0.12 10.39 2.74
-4.13 9.82 -1.30
-0.89 10.36 2.12
4.05 9.94 1.79
-2.98 10.01 0.66
3.21 9.71 -1.02
-4.21 10.00 -1.82
1.49 9.81 0.06
-4.19 9.57 -1.12
-4.02 10.37 2.65
4.88 9.76 1.10
-3.42 10.12 0.58
-0.39 10.15 0.40
-2.32 10.43 1.25
2.10 10.44 1.98
-3.15 9.46 -4.13
-2.91 10.13 -0.11
1.72 9.61 0.72
3.00 9.64 1.73
4.82 9.53 -0.69
0.50 9.52 -2.29
-2.60 9.71 -3.64
0.19 9.48 -2.25
-0.54 9.68 -0.02
4.47 9.52 -2.27
1.74 10.44 2.14
2.02 9.74 0.64
1.08 10.13 0.90
0.30 9.83 0.07
0.33 9.77 0.52
0.67 9.91 0.50
-2.22 9.93 -0.65
-2.97 10.05 -1.26
2.07 9.46 -0.94
2.33 10.01 2.32
1.58 9.68 1.52
3.52 9.88 2.19
5.52 9.85 2.44
-1.91 9.88 -1.17
-0.21 9.69 -3.55
0.71 9.86 -2.70
-3.26 9.79 -4.05
3.51 9.55 -3.13
-0.51 10.26 1.46
-0.50 9.71 0.52
2.31 9.77 0.51
0.61 9.68 0.60
1.33 9.96 0.68
0.50 9.92 -0.86
-1.74 9.94 -1.56
1.67 9.71 -1.72
-5.75 9.77 -2.14
4.64 9.90 1.22
2.02 9.74 -1.09
0.81 9.65 0.51
3.74 9.90 2.25
0.38 9.95 0.91
-4.92 9.80 -2.78
-4.42 9.61 -3.67
-1.11 9.13 -4.68
0.73 9.87 0.39
2.45 9.74 0.42
2.21 9.43 -1.20
2.30 9.06 -1.52
-0.15 10.11 0.57
-0.46 9.68 -2.01
-4.94 10.21 -1.38
0.58 9.30 -4.00
1.73 9.92 -0.94
2.24 9.72 -0.64
-2.62 9.48 -1.49
3.79 9.63 -0.63
-2.41 9.27 -0.95
3.60 9.31 -0.06
-1.08 10.01 -0.37
2.78 10.10 1.56
-2.83 9.68 -2.53
3.94 10.05 0.43
0.63 9.67 -0.62
1.20 9.78 0.87
6.45 9.72 0.19
-0.54 9.55 -1.61
-1.82 9.74 -0.47
-0.90 9.27 -2.07
2.79 9.54 -1.15
2.50 9.97 1.05
-3.01 9.84 0.45
0.46 9.40 -1.01
2.46 9.89 0.84
-4.95 9.69 -2.27
1.26 9.52 -1.28
-2.89 9.54 -2.37
0.46 9.90 -1.33
-7.85 10.27 -0.85
1.95 9.62 -2.16
0.92 10.33 2.41
0.74 9.08 -1.89
1.68 9.86 -0.38
3.54 9.82 0.24
0.26 8.99 -3.20
0.09 9.68 -2.27
-1.47 9.79 -1.49
4.01 9.70 -1.56
1.79 9.77 -1.07
-2.12 10.48 2.22
3.79 9.74 0.05
1.56 9.50 -0.93
4.30 9.72 0.88
1.18 9.72 0.04
-3.83 10.13 0.48
-2.01 9.94 -0.40
0.29 9.64 -1.08
-2.65 9.81 -2.87
-2.67 10.01 0.05
3.25 9.83 1.64
2.79 9.63 -0.56
0.84 9.99 0.43
0.06 9.88 -0.43
0.05 9.91 -0.26
-8.48 10.17 -0.53
-4.87 9.44 -4.94
-0.21 10.02 -1.78
-0.66 10.10 0.87
6.44 9.17 -0.60
7.68 9.56 -0.03
0.75 9.44 -2.13
-3.57 9.35 -2.78
2.39 9.99 0.24
2.12 9.60 -2.39
0.42 9.80 -1.73
2.00 9.66 -2.03
7.62 10.27 3.38
3.74 9.46 0.05
4.71 9.60 2.28
0.24 9.81 1.18
0.28 9.63 0.24
-6.78 10.45 0.79
-2.91 10.13 0.88
1.71 10.11 2.13
0.25 9.20 -5.84
1.76 10.05 1.15
7.87 9.28 -1.51
2.59 9.88 -1.09
1.22 9.65 -1.71
-3.91 9.88 -2.11
-0.80 10.20 0.46
-3.04 9.32 -3.26
2.76 9.83 0.97
0.17 9.53 -2.00
2.94 10.37 3.06
2.65 9.63 0.78
1.07 9.62 0.01
-0.39 9.96 0.32
-1.65 9.62 -2.11
-1.73 10.15 0.08
-0.84 9.24 -3.53
-0.11 9.77 0.33
0.73 9.90 -0.37
2.30 10.01 2.40
1.88 9.57 -0.06
3.38 9.49 0.18
-0.17 9.79 0.32
-0.98 9.69 -1.27
-0.94 10.14 -0.30
-3.42 9.68 -2.30
-0.76 9.82 0.22
2.38 9.57 0.07
5.51 9.99 3.29
1.68 9.98 0.99
1.95 10.01 1.01
-0.79 9.73 -0.90
0.40 9.72 -1.24
-1.55 9.91 -1.36
-2.03 9.54 -2.00
-0.92 9.88 0.15
2.36 9.58 -0.30
1.13 9.78 0.65
2.61 9.50 -0.07
0.80 9.70 0.13
1.03 9.67 -0.20
-2.79 9.86 -2.05
-1.76 9.90 -2.07
-0.49 9.80 -1.80
2.61 10.10 1.81
3.12 9.68 0.21
0.06 9.65 0.73
3.36 9.93 1.48
1.05 9.58 -0.59
0.84 9.59 -1.23
-2.07 9.62 -2.62
0.06 9.61 -2.17
-1.91 9.58 -2.89
0.54 10.01 1.13
1.67 9.53 -0.34
2.74 9.75 0.63
1.46 10.02 1.65
1.41 9.79 -0.03
-0.96 9.82 -0.70
-3.19 9.99 -2.47
-1.82 9.67 -3.11
-0.97 9.98 -1.58
-2.19 10.11 1.56
5.73 9.47 1.12
1.64 9.67 0.89
1.04 9.87 1.90
0.18 9.88 0.22
-3.29 10.03 -0.12
-1.20 9.49 -3.22
-1.35 9.65 -2.98
-1.59 9.85 -2.02
-0.22 9.93 0.71
2.82 9.80 0.76
1.47 9.60 0.31
1.63 9.98 1.48
0.14 9.90 -0.41
-0.30 9.92 -1.28
-0.19 9.74 -1.44
-0.12 9.98 -0.61
-0.04 9.85 -0.32
2.30 9.53 0.03
2.37 9.69 0.31
-0.02 9.70 -1.00
1.00 9.76 -1.10
2.57 9.66 -0.05
-1.52 9.70 -0.73
1.26 9.94 -0.01
0.82 9.54 -1.14
-0.26 9.70 -0.31
-0.26 9.56 -1.44
0.36 9.77 -0.73
2.22 9.62 -1.12
1.06 9.66 -0.96
1.23 9.80 -0.26
0.69 9.50 -0.95
0.48 9.90 -0.86
0.23 9.63 -1.41
-0.42 9.94 0.22
1.51 9.69 -0.98
-1.79 9.99 -0.86
1.99 9.59 -1.03
0.94 9.64 -1.45
-1.73 9.85 -1.37
0.53 9.68 -0.91
2.22 9.72 -0.04
-3.38 9.98 -0.18
1.54 9.67 -0.42
-2.66 9.87 -1.05
2.58 9.81 -0.23
0.15 9.85 -0.66
-2.41 9.77 -1.22
1.57 9.89 0.37
2.96 9.61 -0.40
-1.00 9.62 -2.06
0.57 9.88 -0.36
1.57 9.72 -1.15
0.64 9.95 -0.01
0.17 9.49 -1.51
0.13 9.66 -1.09
1.27 9.74 -0.84
-0.51 9.57 -1.36
-0.90 9.89 0.15
0.97 9.97 1.07
2.58 9.63 -0.18
-1.32 9.79 -1.29
1.05 9.90 0.47
0.67 9.78 0.02
0.10 9.83 -0.85
0.82 9.67 -1.11
0.68 9.77 -0.51
-0.81 9.73 -1.06
3.45 9.46 -0.85
-0.63 9.57 -1.67
0.05 9.79 -0.57
-1.63 9.91 -0.61
0.99 9.86 -0.22
0.02 9.82 -0.59
0.77 9.75 -0.27
0.16 9.74 -0.41
-0.51 9.79 -0.93
-0.01 9.79 -0.52
1.14 9.59 -1.02
1.25 9.63 -0.57
2.42 9.70 -0.18
-0.64 9.70 -0.85
1.24 9.70 -0.48
0.20 9.80 -0.75
2.13 9.78 -0.16
0.42 9.85 -0.42
0.49 9.73 -1.23
-1.02 9.79 -0.82
1.82 9.77 -0.08
0.66 9.87 -0.01
1.63 9.53 -1.27
1.17 9.78 -0.45
-1.32 9.88 -0.53
0.78 9.81 -0.38
-1.19 9.81 -0.58
1.23 9.77 -0.55
0.14 9.74 -0.37
3.10 9.73 -0.64
0.56 9.84 -0.24
0.06 9.64 -0.23
1.14 9.85 -0.41
-0.67 9.70 -0.57
0.75 9.57 -0.46
1.51 9.67 -0.43
0.42 9.60 -0.85
0.88 9.78 -0.64
1.84 9.67 -0.62
0.51 9.74 -0.79
-0.25 9.82 -0.46
2.94 9.90 0.06
0.25 9.91 0.11
-0.24 9.70 -0.93
1.23 9.60 -1.04
1.56 9.69 -0.45
0.32 9.72 -0.98
0.53 9.68 -1.31
1.22 9.73 -0.54
-0.54 9.88 -0.74
0.56 9.69 -0.32
-1.28 9.61 -1.16
-0.80 9.81 -0.65
0.23 9.86 -0.41
-0.68 9.65 -0.40
0.54 9.87 -0.65
-1.06 9.72 -0.45
-0.41 9.72 -1.22
-0.22 9.64 -1.10
-0.94 9.64 -1.10
-1.31 9.68 -0.92
0.48 9.68 -0.64
-0.17 9.82 0.00
0.23 9.98 0.28
1.38 9.75 0.06
0.57 9.95 0.14
0.92 9.91 -0.69
1.12 9.80 0.15
-0.31 9.57 -1.35
0.65 9.67 -1.06
1.34 9.60 -1.06
-1.13 9.66 -0.91
-0.20 9.81 -1.08
0.14 9.79 -0.62
2.75 9.65 -0.65
-1.01 9.79 -0.79
0.32 9.43 -1.27
-0.25 9.70 -1.18
0.48 9.87 -0.42
0.84 9.90 0.11
-1.25 9.93 -0.20
1.31 9.83 -0.17
1.88 9.73 -0.59
0.04 9.96 -0.04
0.62 9.80 -0.54
-0.62 9.77 -1.00
-1.16 9.62 -1.48
2.61 9.74 -0.45
1.01 9.86 0.22
-0.67 9.78 -0.68
1.41 9.67 -0.28
0.76 9.78 -0.25
-0.56 9.89 -0.55
-0.45 9.61 -1.17
2.21 9.72 -0.36
-0.19 9.76 -0.72
-0.60 9.81 -0.87
0.61 9.98 -0.18
0.37 9.49 -1.61
0.27 9.65 -0.98
-0.92 9.82 -0.04
0.60 9.80 -1.22
-0.17 9.98 -0.05
0.20 9.89 -0.01
-0.86 9.93 -0.47
0.42 9.81 -0.54
1.99 9.65 -0.35
-1.11 9.56 -1.06
1.62 9.70 -1.26
1.29 9.68 -0.67
2.37 9.78 -0.36
-0.70 9.67 -1.59
-0.51 9.83 -1.00
-0.38 9.67 -0.71
0.81 9.69 -0.51
2.05 9.73 -0.19
1.46 9.67 -0.44
0.67 9.79 -0.18
-0.65 9.64 -1.16
-0.92 9.90 -0.60
1.11 9.62 -1.35
0.29 9.77 -0.61
1.05 9.72 -0.92
0.67 9.66 -1.22
0.68 9.76 -0.81
-0.86 9.78 -0.79
2.43 9.61 -0.59
-0.03 9.77 -1.07
0.42 9.77 -0.45
1.41 9.66 -0.97
1.34 9.47 -1.03
0.27 10.26 -0.66
0.00 9.62 -0.35
0.34 9.61 -0.86
0.73 10.06 -0.79
0.50 9.39 -0.39
0.68 10.23 -0.76
0.41 9.59 -0.40
0.44 9.75 -0.77
0.42 9.87 -0.78
0.23 9.42 -0.44
0.43 10.03 -0.95
0.22 9.55 -0.59
0.23 9.79 -0.57
0.38 9.85 -0.85
0.31 9.47 -0.56
0.49 10.01 -0.67
0.23 9.52 -0.57
0.50 9.90 -0.53
0.46 9.82 -0.63
0.36 9.51 -0.54
0.47 9.98 -0.61
0.34 9.61 -0.61
0.40 9.85 -0.73
0.45 9.76 -0.68
0.29 9.60 -0.64
