3.11 9.53 -0.45
0.90 9.69 0.55
4.48 10.08 2.38
-2.23 9.72 -1.14
-1.85 10.07 -1.17
-3.51 9.45 -4.15
-1.43 9.48 -4.14
3.29 10.24 0.95
1.62 10.27 2.22
-2.62 9.78 -0.29
1.98 9.87 0.57
-3.58 9.50 -1.90
-0.22 9.65 -1.21
-6.36 10.06 -3.45
-2.40 9.65 -2.05
0.06 10.50 4.12
3.29 9.41 -1.52
2.83 9.67 0.35
4.28 9.73 1.74
1.18 9.54 -0.99
-0.22 9.80 -2.41
-1.16 9.11 -5.82
-2.15 9.90 -1.69
-2.18 9.56 -2.18
1.30 9.96 1.47
5.06 9.65 1.75
2.16 9.77 1.90
-0.13 9.88 -0.91
-1.09 9.74 -2.46
-3.40 9.99 -2.63
-1.39 9.77 -2.50
2.11 9.87 1.69
-0.22 9.83 0.20
0.64 9.87 0.97
2.98 10.07 2.40
-0.89 9.69 -0.05
-1.79 9.83 -1.20
0.29 9.55 -3.36
-0.13 9.82 -2.26
-0.60 9.68 -1.18
3.37 9.78 2.49
2.05 9.76 1.35
1.92 9.69 1.39
6.54 9.54 0.09
-0.94 9.55 -2.62
-0.59 10.00 -1.33
-2.90 9.60 -3.52
-0.65 10.06 0.29
-0.10 9.57 -0.87
3.67 9.63 1.45
1.53 9.79 0.14
1.74 9.77 -0.38
-1.13 9.65 -2.46
-1.78 9.62 -3.11
-5.41 10.07 -1.25
-1.68 9.67 -2.11
1.32 10.16 3.16
0.85 9.57 -0.41
2.61 9.77 1.49
6.17 9.83 1.90
1.32 9.80 -0.47
-0.84 10.01 -1.31
-2.28 9.57 -2.92
-1.18 9.60 -3.77
-1.19 9.73 -2.29
0.56 10.02 1.30
-0.54 9.71 -0.00
1.74 9.69 0.84
4.97 9.96 1.77
1.12 9.77 -0.99
-5.00 9.97 -2.15
-2.98 9.58 -3.58
-2.05 9.52 -3.98
1.92 9.35 -2.06
1.14 10.05 2.58
1.05 9.77 0.79
0.84 9.53 0.05
1.00 9.61 -0.40
1.23 9.42 -2.07
-4.26 10.11 -1.87
-1.76 9.30 -4.09
0.72 9.99 0.52
1.22 9.58 -1.18
2.53 9.92 1.61
1.23 9.95 1.63
1.37 9.63 0.78
1.04 9.32 -1.84
-0.08 9.38 -2.80
-0.84 9.85 -2.12
-2.53 9.69 -3.18
0.79 10.25 1.47
1.60 9.66 -1.02
0.67 9.89 0.80
1.96 9.64 0.88
1.08 9.62 0.56
-1.83 9.31 -2.89
-1.90 9.72 -2.09
-2.01 9.62 -2.34
-2.12 9.82 -1.72
0.37 10.29 2.36
0.81 9.77 0.41
2.75 9.78 1.39
3.58 9.63 0.33
1.05 9.66 0.00
-0.94 9.22 -2.85
-1.18 9.71 -2.44
0.25 9.48 -3.60
-0.52 9.69 -2.16
4.64 9.92 2.27
0.62 9.41 -1.20
2.79 9.60 -0.02
3.50 9.92 1.84
-1.92 9.93 -0.31
0.40 9.61 -1.10
-1.49 9.60 -1.64
-0.40 9.59 -2.78
1.36 9.51 -2.40
-2.50 10.38 1.16
1.99 9.56 -0.57
0.29 9.49 -0.90
4.77 9.71 1.45
3.04 9.57 -0.41
2.15 9.86 -0.62
-2.96 9.83 -2.75
-2.44 9.45 -3.84
-0.70 9.89 -0.56
1.30 9.87 1.80
-0.56 9.69 0.29
4.84 9.45 0.15
0.85 9.91 0.80
0.42 9.73 -0.60
0.84 10.08 -0.13
-0.16 9.53 -1.99
-1.28 9.72 -2.42
-3.15 9.91 -1.68
0.39 9.99 0.17
3.14 9.57 -0.02
3.72 9.61 0.83
-1.73 9.49 -1.08
-0.19 9.85 -1.47
-0.62 9.82 -2.10
-0.58 9.41 -2.10
0.30 9.85 0.57
0.88 9.60 -2.02
-0.65 10.06 0.74
6.77 9.24 -0.14
3.29 9.71 0.73
2.36 9.28 -1.48
-0.21 9.73 -1.02
-0.82 9.84 -2.20
-3.17 9.66 -2.98
-1.19 10.04 0.99
-1.61 9.64 -0.91
2.08 9.85 0.71
1.76 9.71 0.29
1.89 9.65 0.12
1.48 9.45 -2.17
-0.95 9.66 -2.05
-3.05 9.54 -4.07
-0.51 9.75 -2.45
-2.24 10.20 1.36
0.37 9.74 -0.15
2.11 9.66 0.28
4.62 9.99 2.98
1.52 9.60 -0.04
2.72 9.40 -2.07
-0.86 9.52 -2.49
-2.33 9.51 -3.70
-0.79 9.75 -2.10
-1.64 10.15 0.89
1.22 9.81 0.62
2.53 9.57 -0.64
3.71 10.00 1.30
1.62 9.93 0.99
-0.60 9.86 -1.28
0.64 9.60 -2.27
-2.35 9.40 -3.58
-1.69 9.81 -1.64
4.58 9.96 1.93
2.50 9.87 1.51
3.11 9.76 1.08
3.69 10.24 2.90
0.50 9.91 -0.00
-1.92 10.06 -0.69
-1.00 9.41 -3.20
-2.30 9.60 -3.11
1.04 9.60 -2.11
1.72 10.08 1.46
1.31 9.92 1.40
0.31 9.87 1.74
3.97 10.15 2.11
-0.51 9.74 -0.80
3.14 10.26 1.85
-6.44 9.59 -3.62
0.66 9.73 -1.36
-1.37 9.53 -2.27
2.17 9.82 1.28
4.05 9.57 1.13
-0.86 9.56 -0.14
3.03 9.37 -1.23
-0.57 9.50 -1.54
-1.55 10.14 -0.18
-2.56 9.61 -3.13
3.24 9.68 -0.29
-1.40 9.55 -1.30
1.91 9.73 0.40
2.73 9.49 -0.46
-1.62 9.48 -1.39
-1.16 9.43 -2.61
-1.61 9.63 -1.56
-1.78 10.15 -1.40
-2.11 9.68 -2.50
1.98 9.77 0.08
-2.56 9.90 -0.63
0.78 9.93 0.38
1.89 9.90 1.51
3.42 9.53 0.60
0.76 9.35 -1.84
0.58 9.68 -1.39
-1.75 10.13 -0.91
0.71 9.51 -3.05
0.42 10.20 1.41
-1.46 9.69 -1.00
2.10 9.91 1.07
3.35 9.67 0.49
2.66 9.65 0.49
-0.20 9.70 -1.70
-2.63 9.66 -3.01
-1.27 9.87 -2.31
-2.07 9.53 -3.23
-0.15 10.27 1.85
-0.40 9.62 -1.07
1.99 10.01 1.40
1.30 10.06 1.59
1.33 10.00 0.64
-0.62 9.55 -2.36
-3.74 9.62 -3.29
-3.54 9.68 -4.07
-1.86 9.78 -2.26
1.42 10.08 2.07
3.39 9.66 0.78
5.17 9.49 0.79
5.03 9.78 1.35
1.37 9.64 -0.88
-0.26 9.74 -2.16
-3.35 9.70 -3.40
-2.33 9.55 -4.75
-1.25 9.71 -2.88
-2.33 10.08 0.61
2.38 9.53 -0.22
2.30 9.84 1.20
6.34 9.92 2.19
-1.40 9.68 -1.56
-0.11 9.95 -0.42
-2.55 9.69 -3.18
0.42 9.52 -2.62
-3.42 9.62 -2.96
0.91 10.09 2.12
1.57 9.87 0.98
4.71 9.55 1.55
2.58 10.02 2.18
-1.19 9.58 -1.09
-0.87 10.15 0.26
-2.35 9.58 -2.61
-2.65 9.82 -1.21
-2.80 10.01 -1.79
1.83 10.01 1.61
1.32 9.69 0.35
3.19 9.65 1.62
3.62 9.61 1.85
1.13 9.53 -1.20
-1.56 10.12 0.57
-1.67 9.60 -2.89
-1.42 9.87 -0.50
0.45 9.41 -2.36
-0.66 10.08 1.61
1.34 9.79 0.02
1.68 9.59 0.50
1.67 10.01 1.47
1.02 9.79 -0.84
0.22 10.10 0.61
-0.43 9.59 -1.48
-2.39 9.64 -1.25
-0.32 9.38 -2.73
2.06 9.56 -0.63
3.69 9.68 -0.41
1.02 9.91 -0.47
3.11 9.55 -0.52
-1.94 9.78 -1.01
1.47 9.46 -1.14
1.09 9.67 -0.62
3.31 9.66 0.03
1.73 9.49 -1.10
1.60 9.71 -0.37
-2.37 9.75 -1.95
0.29 9.84 -0.18
1.04 9.63 -0.55
0.76 9.92 0.16
0.91 9.65 -1.00
-0.18 9.87 -0.56
2.50 9.92 0.19
2.12 9.82 0.16
-1.52 9.77 -1.39
2.41 9.54 -0.48
0.37 9.73 -0.42
0.63 9.62 -0.98
-0.61 9.81 -0.66
-0.85 9.63 -1.34
-1.24 9.90 -0.84
5.04 9.54 -1.29
-2.60 9.83 -1.63
-0.27 9.60 -1.48
2.05 9.48 -1.10
-1.82 9.83 -0.55
0.55 9.67 -0.64
0.06 9.79 -0.49
-0.38 9.93 -0.47
2.12 9.67 -1.10
0.72 9.59 -1.44
-0.50 9.95 -0.43
-0.91 9.58 -1.51
0.92 9.73 -0.60
-0.36 9.73 -1.47
0.78 9.67 -1.26
1.68 9.64 -0.49
-0.83 9.68 -1.31
-0.82 9.84 -0.98
1.48 9.74 -0.44
-0.43 9.71 -1.27
1.21 9.83 -0.02
1.04 9.68 -0.56
0.06 9.71 -0.68
1.90 9.74 -0.54
-0.08 9.65 -1.13
-1.64 9.70 -1.76
0.75 9.90 -0.13
-1.17 9.80 -1.27
2.25 9.72 -0.10
-0.70 9.73 -0.86
-0.90 9.68 -0.94
1.32 9.63 -0.64
-0.28 9.57 -0.85
0.87 9.66 -0.74
-1.65 9.85 -0.36
-0.84 9.85 -0.39
1.55 9.73 -0.78
0.23 9.77 -1.13
0.32 9.83 -0.63
-2.12 9.91 -0.78
1.15 9.60 -0.95
0.54 9.78 -0.13
0.69 9.85 -0.61
0.29 9.92 -0.02
1.15 9.70 -0.67
-1.11 9.62 -1.58
4.31 9.45 -0.78
-2.87 9.90 -0.35
2.44 9.94 0.85
-2.00 9.78 -1.06
2.23 9.64 -0.52
-0.85 9.56 -2.37
0.59 9.64 -1.21
-0.34 9.66 -0.97
-0.13 9.68 -1.37
-0.34 9.73 -0.46
1.14 9.68 -0.30
-0.81 9.86 -0.35
-1.84 9.84 -0.89
2.84 9.84 -0.11
0.73 10.07 -0.22
0.46 9.91 -0.28
1.43 9.60 -0.73
-0.48 9.73 -1.19
-0.41 9.84 -0.99
1.36 9.77 -0.95
0.05 10.04 0.00
-2.13 9.83 -0.51
2.63 9.65 -0.47
1.94 9.71 0.29
1.94 9.81 -0.06
3.31 9.82 0.12
0.51 9.78 -0.61
-0.47 9.82 -0.82
1.10 9.66 -1.32
-1.12 9.76 -1.62
0.29 9.68 -1.06
1.21 9.46 -1.08
-0.15 9.53 -1.11
1.29 9.63 -1.12
1.67 9.66 -0.92
-0.88 9.94 -0.23
0.93 9.69 -0.57
0.04 9.57 -1.23
2.50 9.85 -0.15
-2.13 9.91 -0.56
1.56 9.84 -0.13
-0.21 9.83 -0.75
-1.83 9.72 -0.58
1.27 9.60 -1.25
2.71 9.84 0.15
-2.30 9.91 -0.37
3.39 9.95 1.16
1.03 10.08 1.02
0.17 9.66 -0.74
2.60 9.98 0.58
2.21 9.87 0.21
-1.51 9.60 -1.32
2.12 9.65 -1.24
0.19 9.62 -1.57
0.38 9.69 -0.84
-0.31 9.75 -0.97
-0.31 9.68 -0.94
2.07 9.65 -0.45
0.71 9.69 -0.50
0.17 9.73 -0.56
0.89 9.73 -0.66
0.60 9.80 -0.25
-0.57 9.75 -0.77
0.73 9.59 -1.52
-1.50 9.86 -1.18
-0.91 9.78 -1.79
-0.54 9.96 -0.66
-0.24 9.81 -0.54
1.46 9.60 -0.28
-1.75 9.85 -0.53
0.84 9.78 -0.10
2.18 9.69 -0.06
1.21 9.74 -0.31
1.31 9.59 -0.84
-0.07 9.75 -0.99
-0.58 9.72 -1.40
0.48 9.94 -0.74
1.22 9.78 -0.14
1.67 9.66 -0.47
0.60 9.74 -0.30
1.71 9.65 -0.00
1.55 9.85 -0.09
0.06 9.77 -0.36
-0.32 9.85 -0.62
-1.78 9.80 -1.75
0.19 9.72 -1.82
0.28 9.50 -1.61
0.34 9.78 0.06
-0.10 9.69 -0.84
0.67 9.96 0.11
-1.49 9.81 -0.35
-0.52 9.66 -1.45
1.14 9.80 -0.26
2.15 9.74 -0.29
-1.46 9.70 -1.04
-0.56 9.77 -0.89
0.77 9.67 -0.76
-0.46 9.76 -0.41
1.89 9.75 -0.19
0.36 9.59 -0.68
-0.68 9.92 -0.14
1.22 9.67 -0.19
0.93 9.85 -0.53
1.81 9.81 -0.37
1.23 9.75 -0.15
-0.10 9.58 -1.31
1.38 9.54 -1.01
1.35 9.69 -0.86
1.12 9.74 -0.26
2.05 9.55 -0.89
1.52 9.65 -0.11
-0.24 9.54 -0.57
-0.24 9.73 -0.50
-0.17 10.26 -0.51
0.27 9.29 -0.55
0.76 10.21 -0.39
0.08 9.51 -0.67
0.20 9.70 -1.05
0.25 10.01 -0.97
0.25 9.37 -0.72
0.33 10.05 -0.67
0.28 9.59 -0.61
0.27 9.65 -0.76
0.48 10.01 -0.53
0.37 9.46 -0.31
0.62 10.02 -0.66
0.38 9.65 -0.29
0.51 9.82 -0.47
0.55 9.93 -0.62
0.43 9.52 -0.59
0.45 9.93 -0.76
0.33 9.59 -0.56
0.35 9.79 -0.72
0.32 9.82 -0.91
0.30 9.55 -0.54
0.40 9.93 -0.57
0.37 9.64 -0.54
0.38 9.80 -0.60
0.42 9.77 -0.57
0.42 9.63 -0.48
0.44 9.96 -0.65
0.34 9.62 -0.63
0.43 9.84 -0.64
0.41 9.77 -0.58
